00700 腾讯控股 日线 前复权						
      日期	    开盘	    最高	    最低	    收盘	    成交量	    成交额
2018/1/2	364.39	374.39	363.99	374.19	240805	10011334656
2018/1/3	380.39	383.19	375.39	378.59	227802	9638247424
2018/1/4	383.39	388.79	380.59	388.19	279045	11967516672
2018/1/5	392.79	392.79	384.59	389.59	199584	8614181888
2018/1/8	392.59	395.59	390.19	394.99	179948	7856873984
2018/1/9	397.39	402.79	395.39	400.19	244765	10848564224
2018/1/10	402.19	402.59	396.39	396.79	180074	7968681984
2018/1/11	392.39	394.39	385.79	385.79	276358	11945764864
2018/1/12	388.19	398.59	387.19	398.59	191989	8381049856
2018/1/15	401.79	405.19	389.59	389.59	233946	10320308224
2018/1/16	392.39	401.19	391.39	400.59	205922	9098470400
2018/1/17	399.39	405.39	395.59	405.39	248796	11066596352
2018/1/18	408.99	410.39	401.19	404.19	217960	9800451072
2018/1/19	408.59	409.39	404.39	408.79	147492	6648683008
2018/1/22	411.39	416.39	406.79	416.39	193649	8841470976
2018/1/23	422.59	430.99	419.99	430.99	238720	11195016192
2018/1/24	430.39	430.79	423.19	425.39	249290	11729419264
2018/1/25	422.59	424.59	414.39	414.39	277324	12821918720
2018/1/26	420.59	427.59	420.39	427.59	220125	10310863872
2018/1/29	430.19	432.99	422.79	427.99	225046	10608507904
2018/1/30	419.59	425.99	417.59	418.19	222557	10333929472
2018/1/31	411.99	424.79	411.59	419.99	276092	12754797568
2018/2/1	422.39	423.19	416.39	416.39	171194	7917368832
2018/2/2	415.39	416.39	407.39	408.79	243288	11080881152
2018/2/5	390.19	402.19	389.19	397.39	403920	17778460672
2018/2/6	379.39	381.79	363.59	366.39	868497	36273332224
2018/2/7	386.39	389.19	369.59	371.19	610517	25868890112
2018/2/8	375.19	380.39	370.39	376.59	354379	14875059200
2018/2/9	359.39	367.39	354.39	363.79	691568	27953815552
2018/2/12	369.19	376.19	365.99	365.99	338540	14074697728
2018/2/13	375.59	381.99	374.39	378.79	237051	9999016960
2018/2/14	384.99	391.39	382.79	389.99	222853	9597172736
2018/2/15	400.79	403.39	398.19	403.39	163548	7268701184
2018/2/20	406.39	409.39	401.19	402.19	204820	9191829504
2018/2/21	404.99	414.39	403.59	414.39	204046	9252272128
2018/2/22	411.39	411.59	402.79	402.79	223850	10103931904
2018/2/23	410.39	410.99	405.79	409.79	149921	6785912320
2018/2/26	412.39	413.39	404.79	409.39	212521	9607596032
2018/2/27	414.39	414.39	398.59	402.39	220089	9892032512
2018/2/28	395.39	396.39	387.39	388.59	325601	14167755776
2018/3/1	386.39	403.79	384.39	403.39	271135	11933605888
2018/3/2	393.39	396.99	392.39	392.39	258915	11341295616
2018/3/5	392.39	395.99	381.39	381.39	240387	10358474752
2018/3/6	391.39	400.39	386.39	394.99	248125	10862231552
2018/3/7	391.59	397.59	386.39	390.59	192566	8378697728
2018/3/8	396.39	400.39	394.39	399.39	175064	7737290752
2018/3/9	401.39	404.59	401.39	403.39	130251	5813403648
2018/3/12	411.79	416.39	411.19	416.39	255130	11660311552
2018/3/13	416.39	419.19	412.19	419.19	185016	8515214336
2018/3/14	413.79	420.19	409.99	419.99	226118	10323251200
2018/3/15	415.59	426.39	414.39	424.99	247026	11506629632
2018/3/16	423.39	429.19	421.59	421.59	238990	11179190272
2018/3/19	421.39	426.79	418.19	418.19	162870	7584356864
2018/3/20	412.79	424.79	412.39	422.99	219533	10158755840
2018/3/21	428.59	431.99	416.99	418.99	282440	13278687232
2018/3/22	407.99	415.39	394.99	395.79	718483	32204687360
2018/3/23	361.39	381.19	361.39	376.39	3084368	1.26E+11
2018/3/26	375.79	387.39	368.79	382.99	472997	19913242624
2018/3/27	391.59	394.99	386.59	388.59	426442	18516920320
2018/3/28	376.39	383.79	367.79	368.59	489647	20468643840
2018/3/29	370.39	373.39	361.59	365.99	411154	16899466240
2018/4/3	360.99	368.79	356.99	365.79	328866	13371121664
2018/4/4	364.59	368.39	353.99	353.99	358617	14454637568
2018/4/6	361.19	365.99	356.79	362.19	265863	10780751872
2018/4/9	364.39	370.99	360.59	366.39	212208	8701468672
2018/4/10	369.39	374.99	365.79	373.59	255840	10638298112
2018/4/11	377.39	381.99	373.59	375.99	239114	10066634752
2018/4/12	378.79	379.99	365.19	369.59	206043	8539267584
2018/4/13	372.99	373.19	363.59	364.39	195672	8022094336
2018/4/16	363.19	364.19	355.59	359.39	249012	10008328192
2018/4/17	359.59	362.99	351.39	353.59	284143	11374215168
2018/4/18	360.59	361.39	349.79	356.39	281211	11243802624
2018/4/19	360.39	363.59	356.99	362.19	218124	8828937216
2018/4/20	362.39	363.19	354.79	356.59	181088	7274225664
2018/4/23	353.99	356.59	349.99	350.39	193170	7634860032
2018/4/24	352.99	355.79	350.59	352.99	145217	5761424896
2018/4/25	347.19	349.39	341.19	343.19	348236	13504685056
2018/4/26	344.39	346.99	333.59	338.59	349612	13375030272
2018/4/27	346.39	347.19	339.39	344.79	264467	10250314752
2018/4/30	348.79	349.99	345.59	347.39	128812	5047874560
2018/5/2	347.39	353.19	347.39	349.79	192039	7563807232
2018/5/3	345.79	346.99	340.79	341.39	239051	9233995776
2018/5/4	345.99	345.99	338.39	339.19	193260	7452372992
2018/5/7	344.39	345.19	331.79	336.39	342668	13061000192
2018/5/8	340.39	349.99	338.39	346.99	333940	12984709120
2018/5/9	351.39	353.19	346.99	350.99	209388	8262083072
2018/5/10	355.39	362.99	354.39	362.59	311173	12561825792
2018/5/11	368.39	371.39	364.39	365.19	247033	10173481984
2018/5/14	371.39	373.19	365.39	368.19	208339	8590662656
2018/5/15	368.19	368.99	354.39	354.39	331382	13310823424
2018/5/16	354.99	355.19	346.99	352.59	296136	11705699328
2018/5/17	380.39	380.59	365.59	367.39	690979	28725821440
2018/5/18	371.47	372.27	365.27	368.27	214077	8819022848
2018/5/21	373.87	375.27	365.27	365.27	214404	8876491776
2018/5/23	370.07	371.67	364.27	364.27	245722	10099410944
2018/5/24	368.27	368.67	359.87	364.27	171590	6983940096
2018/5/25	360.27	364.87	358.87	361.27	167524	6760907264
2018/5/28	364.87	364.87	358.47	362.47	133913	5415468032
2018/5/29	361.07	363.47	359.27	359.27	121317	4892039680
2018/5/30	357.47	357.47	352.27	352.27	232454	9228414976
2018/5/31	354.07	359.07	352.47	356.47	367704	14662389760
2018/6/1	358.87	361.27	355.47	361.27	231549	9304187904
2018/6/4	370.27	372.27	366.07	372.27	312793	12889333760
2018/6/5	376.07	377.27	372.67	377.27	258792	10829018112
2018/6/6	378.47	382.27	378.07	382.27	232188	9834396672
2018/6/7	388.27	388.87	383.07	386.47	246886	10570669056
2018/6/8	383.87	383.87	369.87	372.27	289282	12080891904
2018/6/11	377.27	378.27	372.87	376.27	154810	6485765632
2018/6/12	377.67	379.67	373.47	374.67	123617	5180316160
2018/6/13	377.27	377.27	372.27	372.47	122104	5091525632
2018/6/14	374.87	374.87	365.87	369.27	176915	7292241408
2018/6/15	373.27	374.27	365.67	367.27	231804	9569325056
2018/6/19	367.27	367.27	352.47	354.07	345542	13821602816
2018/6/20	357.27	361.87	354.67	357.47	229637	9195918336
2018/6/21	361.67	362.27	353.47	354.07	201615	8065949184
2018/6/22	352.87	357.67	348.47	354.67	201678	7990102528
2018/6/25	352.27	355.07	345.67	346.07	216882	8491587072
2018/6/26	341.27	347.67	337.27	343.27	298270	11471719424
2018/6/27	343.27	344.87	334.67	334.67	280819	10712999936
2018/6/28	332.27	339.67	330.67	336.27	275137	10390696960
2018/6/29	337.27	351.07	337.27	351.07	283075	11019043840
2018/7/3	352.27	352.27	338.87	348.07	256402	9936671744
2018/7/4	346.47	348.07	339.07	340.27	150749	5803722752
2018/7/5	340.27	345.27	336.47	342.87	139841	5364961792
2018/7/6	344.27	346.47	337.67	343.87	180010	6950457856
2018/7/9	351.47	355.27	349.47	353.27	183732	7265342976
2018/7/10	353.27	355.27	343.47	344.07	267914	10436860928
2018/7/11	335.27	339.47	332.27	336.67	245151	9284250624
2018/7/12	335.27	342.07	334.07	337.27	154962	5899712000
2018/7/13	344.07	344.07	337.27	338.27	122369	4678757376
2018/7/16	340.87	343.47	337.67	338.67	110370	4217113088
2018/7/17	337.27	337.87	332.27	333.07	155416	5850242560
2018/7/18	337.67	340.27	333.27	335.27	132005	4996447744
2018/7/19	335.27	337.87	332.47	332.87	104889	3950993152
2018/7/20	333.07	334.87	328.87	333.87	170795	6394979840
2018/7/23	334.87	334.87	326.47	328.27	199394	7402505216
2018/7/24	331.27	332.87	329.07	332.47	208566	7796825600
2018/7/25	335.47	337.27	333.67	337.07	187010	7073349120
2018/7/26	339.07	340.07	327.67	332.07	222855	8353541120
2018/7/27	328.27	331.27	327.07	330.27	144629	5381027840
2018/7/30	327.27	328.07	318.87	324.47	254135	9286033408
2018/7/31	318.27	319.07	310.67	312.47	369787	13209745408
2018/8/1	318.07	318.47	310.27	312.27	257087	9158263808
2018/8/2	310.07	311.67	297.67	302.27	407770	14093094912
2018/8/3	305.47	311.87	303.87	307.07	302707	10587787264
2018/8/6	315.07	315.07	307.27	310.27	214464	7593837056
2018/8/7	312.27	315.67	305.87	314.27	181313	6431111680
2018/8/8	323.87	323.87	317.87	321.27	254497	9255512064
2018/8/9	324.27	332.67	322.27	329.87	266265	9887475712
2018/8/10	332.67	332.87	321.87	327.27	195255	7209597952
2018/8/13	320.27	321.87	317.47	318.27	169514	6140503040
2018/8/14	312.27	315.27	299.07	305.87	401675	13975045120
2018/8/15	300.27	301.27	292.27	293.27	372884	12587698176
2018/8/16	277.27	289.87	276.27	283.07	692469	22473273344
2018/8/17	292.27	296.07	290.87	294.27	426989	14355366912
2018/8/20	300.47	309.67	299.67	308.07	349732	12129964032
2018/8/21	312.27	312.27	302.87	307.87	227874	7973613568
2018/8/22	311.27	317.87	306.67	316.67	289401	10322599936
2018/8/23	320.27	320.47	311.27	316.27	200619	7195648000
2018/8/24	310.27	315.27	309.87	311.27	175451	6218585088
2018/8/27	316.67	318.27	313.47	318.27	139598	5016120832
2018/8/28	322.27	326.07	318.67	322.67	205733	7515941376
2018/8/29	322.27	323.27	315.07	318.07	157327	5688273408
2018/8/30	318.47	319.87	312.67	314.67	121314	4341993472
2018/8/31	296.87	300.87	295.27	297.27	515448	17524559872
2018/9/3	290.67	292.47	285.87	290.07	276729	9168154624
2018/9/4	286.47	298.27	286.27	295.87	180256	6074168832
2018/9/5	289.47	290.67	280.47	282.07	314794	10344926208
2018/9/6	273.27	280.07	269.27	271.87	442875	14002701312
2018/9/7	270.47	276.87	266.87	274.07	399380	12580759552
2018/9/10	276.07	279.27	269.07	270.87	248475	7846844928
2018/9/11	270.87	271.27	264.47	265.27	299722	9280993280
2018/9/12	269.27	269.67	262.47	265.67	234897	7259803136
2018/9/13	272.07	281.07	271.27	281.07	308362	9839865856
2018/9/14	287.27	289.07	285.27	287.27	264285	8722510848
2018/9/17	282.27	283.27	275.87	276.47	188635	6055432192
2018/9/18	272.27	280.67	268.27	275.27	244829	7734148096
2018/9/19	277.27	284.07	276.47	278.87	207743	6705440256
2018/9/20	286.27	286.27	278.47	281.47	194714	6324594688
2018/9/21	284.87	291.67	283.27	291.67	301231	9972406272
2018/9/24	289.47	289.67	283.27	285.07	185377	6099118592
2018/9/26	288.67	289.87	285.27	287.27	231181	7637072896
2018/9/27	290.47	290.47	279.07	282.67	199728	6492568576
2018/9/28	284.87	284.87	278.47	280.47	164208	5307303424
2018/10/2	282.27	282.27	272.27	274.27	217227	6909856768
2018/10/3	270.27	276.87	270.27	273.27	131440	4153947904
2018/10/4	272.67	272.67	264.27	265.67	224492	6940560896
2018/10/5	262.27	265.07	259.67	262.27	213776	6515745792
2018/10/8	263.07	264.07	256.27	256.27	222173	6706753024
2018/10/9	257.27	258.67	251.07	251.07	260990	7756459520
2018/10/10	251.27	254.07	242.87	243.67	333007	9682929664
2018/10/11	231.27	231.87	222.27	224.27	676260	18154309632
2018/10/12	234.27	246.87	230.27	245.67	544163	15288534016
2018/10/15	248.87	248.87	235.27	240.07	275888	7805210112
2018/10/16	240.47	241.07	230.47	238.67	251115	6996768256
2018/10/18	243.27	243.27	230.67	238.27	219825	6147208704
2018/10/19	232.47	243.47	230.67	239.27	252315	7082417664
2018/10/22	239.27	251.07	237.87	248.47	282456	8166203904
2018/10/23	250.27	250.27	234.27	235.07	309609	8757471232
2018/10/24	239.87	242.07	229.27	233.07	263798	7330459136
2018/10/25	224.07	227.27	222.27	226.27	311119	8321286656
2018/10/26	226.27	227.07	216.67	217.27	263835	6943417856
2018/10/29	221.87	221.87	212.27	217.27	240197	6223185408
2018/10/30	213.27	215.27	208.67	209.47	294848	7507062784
2018/10/31	214.47	224.27	213.87	224.27	343581	8989294592
2018/11/1	232.27	240.47	228.67	235.07	410756	11383297024
2018/11/2	252.27	261.07	246.67	260.87	669124	19929350144
2018/11/5	251.87	253.67	244.07	249.67	272207	7947280896
2018/11/6	252.07	252.07	243.27	249.27	233354	6776253952
2018/11/7	250.67	259.07	243.27	250.67	257260	7538664448
2018/11/8	258.27	258.87	249.27	250.87	306463	9101575168
2018/11/9	244.87	244.87	235.47	236.47	287644	8117499392
2018/11/12	232.67	234.07	227.27	227.87	272993	7446841856
2018/11/13	219.27	232.67	217.27	231.67	334670	8935610368
2018/11/14	233.27	233.87	227.47	229.47	213350	5823137792
2018/11/15	241.27	246.07	234.87	245.27	460245	13049801728
2018/11/16	247.27	248.67	243.07	247.67	259203	7485051904
2018/11/19	250.27	252.07	246.67	248.47	180408	5261725696
2018/11/20	241.47	242.27	238.07	238.87	170616	4820875776
2018/11/21	234.67	248.67	234.27	246.87	223579	6417644032
2018/11/22	252.47	254.87	247.87	252.27	199595	5864499200
2018/11/23	250.27	251.87	244.67	248.47	120158	3488589056
2018/11/26	250.27	255.87	249.07	255.27	151609	4496202240
2018/11/27	256.67	261.07	253.67	261.07	273631	8241724928
2018/11/28	264.27	272.27	262.07	272.07	343847	10695222272
2018/11/29	277.27	278.07	266.47	269.27	380874	11981887488
2018/11/30	270.07	272.27	265.67	269.27	231645	7237739008
2018/12/3	285.27	285.47	277.27	282.07	351440	11402534912
2018/12/4	283.47	285.67	277.47	285.67	252246	8184726016
2018/12/5	275.27	281.07	273.27	278.27	260067	8322232320
2018/12/6	269.47	274.07	261.07	261.47	314641	9689370624
2018/12/7	262.07	271.07	262.07	267.87	309696	9611713536
2018/12/10	261.47	266.27	260.87	265.27	174718	5354125824
2018/12/11	267.07	270.87	265.47	268.47	170527	5303639040
2018/12/12	273.47	276.07	271.87	274.07	160576	5091410944
2018/12/13	275.27	278.07	274.07	275.87	141337	4505836544
2018/12/14	268.47	269.67	265.07	266.07	170416	5285130752
2018/12/17	268.07	268.07	262.67	266.07	137911	4255126016
2018/12/18	259.67	262.87	257.47	260.07	187701	5684086784
2018/12/19	258.27	262.07	258.07	260.27	146665	4436088832
2018/12/20	257.47	262.27	256.87	258.87	162903	4918382592
2018/12/21	255.47	275.87	254.27	272.47	416284	12971090944
2018/12/24	272.47	272.47	265.87	267.87	145798	4534628864
2018/12/27	269.27	274.07	264.27	266.87	176461	5507257344
2018/12/28	268.27	270.07	265.67	267.27	115420	3576147200
2018/12/31	267.27	274.47	267.27	271.27	98919	3108378368
2019/1/2	272.27	272.27	263.47	263.87	157213	4843091456
2019/1/3	261.27	266.67	260.07	262.27	164200	5014756864
2019/1/4	257.67	268.27	257.67	267.87	193291	5931854336
2019/1/7	275.27	276.07	270.87	274.87	248910	7881081344
2019/1/8	275.27	275.87	269.27	272.87	162649	5117193216
2019/1/9	277.07	284.87	276.67	284.87	318786	10326150144
2019/1/10	286.27	287.07	280.47	286.27	249080	8155422208
2019/1/11	288.07	291.87	286.47	288.47	201452	6681195008
2019/1/14	286.87	286.87	277.47	279.07	189772	6127183360
2019/1/15	282.27	288.07	280.47	287.27	169538	5566098944
2019/1/16	287.27	288.27	282.47	288.27	163922	5394384896
2019/1/17	292.27	295.27	287.87	288.47	231481	7740994048
2019/1/18	292.27	295.07	291.07	294.27	156568	5262974464
2019/1/21	295.27	301.67	293.47	297.27	190630	6486330368
2019/1/22	299.27	299.27	288.07	293.07	210392	7049959936
2019/1/23	287.87	292.87	287.87	290.47	164110	5462083072
2019/1/24	289.47	290.27	284.07	287.47	171135	5640516608
2019/1/25	292.27	301.07	290.67	301.07	315349	10705602560
2019/1/28	301.67	306.27	297.67	298.87	222415	7669244416
2019/1/29	296.47	300.07	294.07	299.67	157988	5376805376
2019/1/30	299.27	301.47	296.27	301.47	130885	4476057088
2019/1/31	307.07	308.27	302.47	303.27	241884	8415634944
2019/2/1	309.27	309.27	302.67	305.27	139727	4863624192
2019/2/4	306.27	306.27	302.07	304.87	58555	2030078080
2019/2/8	300.47	304.67	295.27	302.87	149035	5115512832
2019/2/11	303.27	310.07	301.07	309.27	173508	6066678272
2019/2/12	308.07	310.27	305.47	308.67	150051	5271634432
2019/2/13	306.47	307.67	302.67	305.07	228800	7960736768
2019/2/14	302.87	303.07	297.87	299.07	192747	6599142400
2019/2/15	295.27	297.27	288.47	291.07	185554	6195752448
2019/2/18	292.27	298.67	292.27	297.07	120402	4091164160
2019/2/19	299.07	301.07	294.07	294.07	93096	3163775232
2019/2/20	297.27	301.47	292.07	298.27	171024	5818048512
2019/2/21	296.27	301.07	296.07	300.47	118026	4030786560
2019/2/22	295.67	301.27	295.47	301.27	137459	4681283072
2019/2/25	305.27	306.07	298.87	301.07	171781	5912942592
2019/2/26	302.27	302.47	297.07	300.27	138280	4735880704
2019/2/27	300.27	302.07	296.27	297.47	157846	5390927360
2019/2/28	299.27	299.87	291.87	293.07	187240	6329897984
2019/3/1	294.67	298.27	290.67	293.47	170069	5722454016
2019/3/4	294.27	305.87	292.27	304.07	285890	9821268992
2019/3/5	303.07	319.27	301.07	318.67	366234	13043053568
2019/3/6	322.47	327.27	316.47	319.27	298739	10930087936
2019/3/7	319.07	319.07	310.47	312.47	172707	6162720768
2019/3/8	305.27	308.87	300.47	304.27	258667	8983966720
2019/3/11	307.27	313.87	304.67	312.07	183926	6488062464
2019/3/12	320.27	320.27	315.67	318.27	163827	5904137728
2019/3/13	315.67	317.87	313.27	315.67	121197	4341800960
2019/3/14	315.67	317.87	313.47	314.87	120534	4315513856
2019/3/15	315.87	320.87	314.47	316.27	160738	5789434880
2019/3/18	318.47	326.07	318.07	326.07	194828	7136920576
2019/3/19	324.67	327.27	323.47	327.27	153951	5670966784
2019/3/20	326.67	328.47	324.27	327.27	161626	5967971840
2019/3/21	325.27	327.87	319.07	320.27	211769	7770309120
2019/3/22	320.27	326.87	314.87	322.27	254192	9230951424
2019/3/25	310.07	313.47	309.07	311.07	208505	7382934528
2019/3/26	310.87	313.27	304.27	308.67	162273	5696478208
2019/3/27	307.27	315.27	307.27	311.87	135889	4821532160
2019/3/28	310.27	311.67	308.07	311.27	109745	3870676480
2019/3/29	313.27	319.07	311.27	318.27	176036	6332376064
2019/4/1	325.07	325.27	322.07	322.27	147987	5418350592
2019/4/2	327.27	327.27	322.67	323.27	133951	4925997056
2019/4/3	329.27	336.67	326.27	335.27	276636	10383266816
2019/4/4	333.27	336.87	330.27	333.27	137042	5152334336
2019/4/8	337.27	338.87	333.67	337.47	162566	6167662592
2019/4/9	333.07	341.07	333.07	340.87	145801	5557487104
2019/4/10	340.27	346.67	337.07	346.07	155526	6007119872
2019/4/11	353.27	357.67	348.27	348.67	336015	13284195328
2019/4/12	347.27	351.07	344.67	351.07	127912	4991303680
2019/4/15	352.87	355.67	345.47	345.47	140011	5514307584
2019/4/16	347.27	351.27	342.27	350.87	130243	5095320064
2019/4/17	350.87	355.07	349.87	352.87	127858	5062095360
2019/4/18	350.27	352.87	345.87	348.87	131422	5145435136
2019/4/23	349.07	352.87	346.27	350.27	133093	5217915904
2019/4/24	355.07	355.07	347.27	350.27	152196	5986179072
2019/4/25	347.27	349.07	339.87	340.07	155439	6021221888
2019/4/26	337.27	343.07	337.27	341.27	128865	4938041344
2019/4/29	341.27	349.07	341.27	347.87	134510	5228428288
2019/4/30	343.27	347.67	341.67	345.27	96572	3741571328
2019/5/2	347.27	348.67	341.27	348.67	90457	3526526464
2019/5/3	344.47	346.87	341.87	345.07	96618	3740555520
2019/5/6	330.27	334.67	327.47	332.87	227268	8502210048
2019/5/7	333.47	338.47	331.27	338.07	172870	6520233984
2019/5/8	336.27	352.27	333.67	342.07	342232	13250930688
2019/5/9	342.07	344.87	332.87	332.87	198005	7532670976
2019/5/10	334.67	345.07	332.27	339.27	259236	9912397824
2019/5/14	326.27	334.27	326.27	327.87	264931	9857015808
2019/5/15	331.07	335.67	330.47	331.27	163448	6132263936
2019/5/16	324.27	333.27	322.87	322.87	229999	8501846016
2019/5/17	325.47	325.87	313.27	314.07	229370	8239772672
2019/5/20	307.87	310.87	300.27	300.27	268713	9297999872
2019/5/21	297.07	306.47	295.07	299.47	227263	7771756032
2019/5/22	297.87	300.87	295.47	297.27	192178	6522111488
2019/5/23	293.27	294.87	281.47	284.27	369769	12126644224
2019/5/24	286.07	291.07	282.87	283.07	214043	7014140416
2019/5/27	279.67	286.87	275.07	282.07	197972	6385055744
2019/5/28	282.27	290.67	281.87	283.87	289603	9491383296
2019/5/29	279.47	285.87	279.47	280.27	199716	6473337344
2019/5/30	283.67	284.27	279.87	282.67	129927	4209044480
2019/5/31	282.27	289.87	282.07	284.27	189803	6217441280
2019/6/3	288.07	291.87	285.47	291.87	204210	6760632320
2019/6/4	291.27	291.87	284.47	285.47	196651	6463610880
2019/6/5	293.47	294.07	286.07	289.27	182682	6064231424
2019/6/6	290.27	291.07	284.27	288.67	123928	4085969408
2019/6/10	293.27	302.07	292.47	301.27	238884	8113846272
2019/6/11	301.87	303.27	299.47	302.87	178656	6137008128
2019/6/12	300.07	300.47	293.47	295.67	175385	5936349184
2019/6/13	293.67	294.27	285.47	292.47	203201	6729570304
2019/6/14	292.87	295.07	287.47	288.27	140660	4661193216
2019/6/17	290.07	293.67	286.87	287.27	105930	3510588160
2019/6/18	291.27	294.67	288.27	292.27	119701	3993180416
2019/6/19	302.27	306.07	300.27	305.47	235590	8139398144
2019/6/20	307.27	312.27	306.27	312.27	192262	6770775552
2019/6/21	315.67	315.67	307.27	312.67	201110	7094849536
2019/6/24	312.87	315.67	310.67	314.07	106481	3780729600
2019/6/25	312.27	313.07	306.27	307.67	114686	4011742464
2019/6/26	301.27	308.87	301.27	307.27	106604	3714297344
2019/6/27	308.67	312.87	308.67	311.07	112895	3983296000
2019/6/28	311.27	311.27	306.87	310.87	127740	4486460928
2019/7/2	326.07	326.07	318.47	320.67	225109	8168546816
2019/7/3	318.07	319.07	315.47	318.67	103626	3719795200
2019/7/4	319.27	322.47	317.47	318.27	68136	2459937024
2019/7/5	318.27	319.27	315.87	318.07	51269	1843367040
2019/7/8	313.27	314.07	309.27	309.27	100240	3534557696
2019/7/9	308.67	309.67	305.27	309.07	96582	3374651136
2019/7/10	310.27	315.67	310.27	315.07	128656	4563796992
2019/7/11	314.87	319.07	314.27	315.47	89073	3190017280
2019/7/12	318.27	318.27	313.07	313.27	82870	2953632512
2019/7/15	314.27	319.07	308.07	319.07	118095	4215987200
2019/7/16	322.87	322.87	319.27	320.87	104187	3779419136
2019/7/17	317.87	322.67	316.87	321.47	96518	3501692160
2019/7/18	318.27	319.47	314.87	314.87	104894	3757011456
2019/7/19	316.27	321.27	316.07	320.07	80547	2906693376
2019/7/22	317.27	319.67	314.07	315.87	86742	3112722176
2019/7/23	315.67	318.67	314.27	316.87	87627	3142831360
2019/7/24	321.27	328.27	319.47	323.87	177517	6515566592
2019/7/25	329.27	331.47	327.07	330.67	139377	5179207168
2019/7/26	328.87	334.27	327.67	328.47	116524	4344555520
2019/7/29	326.07	331.47	326.07	330.47	112800	4183616256
2019/7/30	330.27	336.07	329.47	331.47	105410	3950412800
2019/7/31	327.27	330.67	325.27	326.47	104955	3879221248
2019/8/1	330.67	332.07	326.27	328.27	123783	4587539968
2019/8/2	319.27	320.27	313.47	314.07	252780	9073260544
2019/8/5	308.27	309.27	298.87	298.87	305620	10513302528
2019/8/6	288.27	300.27	286.47	295.47	312566	10451658752
2019/8/7	295.47	300.27	294.27	296.87	151530	5138012672
2019/8/8	299.27	304.47	298.87	300.67	154596	5309720064
2019/8/9	304.87	305.27	296.67	296.67	137440	4706603008
2019/8/12	297.27	302.27	297.07	298.27	123433	4221060608
2019/8/13	294.67	297.67	292.27	292.27	131524	4423927808
2019/8/14	301.27	303.27	295.67	298.27	174817	5965908992
2019/8/15	285.07	293.07	284.07	288.67	300087	9895035904
2019/8/16	285.47	287.67	284.27	284.67	237315	7767201792
2019/8/19	289.07	296.67	289.07	295.07	218001	7295116800
2019/8/20	295.47	298.07	291.67	291.67	155169	5228254720
2019/8/21	291.27	294.47	290.67	290.87	104284	3482796544
2019/8/22	293.27	293.87	289.27	289.27	105250	3500663296
2019/8/23	289.67	294.27	288.27	292.47	118014	3934540544
2019/8/26	281.27	284.27	278.87	284.27	227628	7357052416
2019/8/27	282.27	286.07	282.27	284.47	179188	5840462848
2019/8/28	283.67	285.27	276.27	277.27	226347	7284578816
2019/8/29	276.27	278.87	270.47	278.47	250311	7939547648
2019/8/30	285.27	285.47	279.27	283.07	194176	6310685184
2019/9/2	285.87	289.87	283.27	289.47	169572	5590193664
2019/9/3	291.27	292.07	286.67	287.47	139626	4620753408
2019/9/4	291.47	300.07	291.27	299.47	223374	7563170304
2019/9/5	303.27	304.27	294.07	299.67	181256	6199532544
2019/9/6	302.27	303.27	297.87	301.67	134463	4603844608
2019/9/9	304.07	304.27	298.27	300.67	88058	3014472448
2019/9/10	302.27	303.27	297.07	298.47	106765	3637771520
2019/9/11	299.27	306.07	297.67	304.27	157949	5437022720
2019/9/12	308.47	309.27	305.47	307.67	153022	5348208640
2019/9/13	308.27	308.87	304.87	307.87	99364	3471328000
2019/9/16	304.27	304.87	298.07	304.87	233723	8009399296
2019/9/17	301.47	303.67	298.87	301.87	92257	3165508096
2019/9/18	302.27	303.87	299.87	301.27	73354	2516701440
2019/9/19	300.87	301.47	296.27	296.67	94379	3203339008
2019/9/20	299.07	299.07	292.47	295.87	192819	6502176768
2019/9/23	294.67	296.67	293.47	294.07	83076	2795298304
2019/9/24	293.27	296.47	292.47	293.87	107190	3601237504
2019/9/25	289.27	290.67	286.27	286.67	174338	5744797184
2019/9/26	293.67	293.67	288.27	290.67	124457	4134843392
2019/9/27	288.27	289.67	286.87	287.67	108220	3571077888
2019/9/30	282.27	290.67	281.67	288.47	146896	4828990976
2019/10/2	281.47	284.87	281.47	283.27	172822	5617417728
2019/10/3	281.47	284.27	280.27	283.47	158255	5127169536
2019/10/4	285.07	285.27	278.27	281.07	126101	4081176320
2019/10/8	280.27	285.87	280.27	282.07	152826	4966541824
2019/10/9	279.87	281.47	276.47	276.47	176893	5663482880
2019/10/10	277.67	280.87	275.67	277.07	164870	5263091200
2019/10/11	282.27	286.27	281.27	283.07	196055	6368324096
2019/10/14	285.27	288.87	282.27	286.47	240116	7880529920
2019/10/15	287.67	289.87	285.87	287.07	142025	4679499264
2019/10/16	288.27	290.27	286.27	289.27	139532	4604688896
2019/10/17	291.07	291.07	286.67	289.27	103391	3422301952
2019/10/18	290.27	292.47	288.47	289.27	99045	3288990208
2019/10/21	287.87	288.47	283.07	283.07	139472	4557080064
2019/10/22	283.27	286.07	283.07	285.87	104484	3410907648
2019/10/23	283.07	284.07	277.87	278.27	198553	6383619584
2019/10/24	277.27	278.87	274.87	277.27	184725	5883604992
2019/10/25	278.67	278.67	274.87	274.87	157899	5031021568
2019/10/28	274.67	281.87	274.47	280.27	176104	5645180928
2019/10/29	281.27	282.07	275.27	275.27	199273	6356999168
2019/10/30	274.27	277.67	272.87	274.47	131948	4172787456
2019/10/31	279.27	280.27	276.67	279.07	161075	5166392320
2019/11/1	277.87	280.47	277.07	279.87	104041	3339566080
2019/11/4	280.27	286.07	280.27	285.87	147760	4807694336
2019/11/5	288.27	292.27	285.67	291.27	227481	7542585344
2019/11/6	291.47	293.07	289.47	292.27	124285	4143667968
2019/11/7	291.27	291.87	285.07	291.87	155334	5127356416
2019/11/8	293.27	293.47	284.47	285.47	166559	5480660992
2019/11/11	285.27	285.47	280.27	281.27	150870	4894795264
2019/11/12	284.67	288.47	283.47	288.47	159081	5222699008
2019/11/13	289.87	289.87	283.67	285.67	159283	5227069440
2019/11/14	278.27	282.07	276.27	278.07	256907	8224634368
2019/11/15	281.27	281.27	277.07	278.27	135875	4345687552
2019/11/18	280.27	288.27	279.07	288.27	257867	8414867456
2019/11/19	291.27	294.87	288.67	294.87	246370	8239054336
2019/11/20	293.87	295.87	290.87	293.87	137443	4611201536
2019/11/21	290.27	290.27	286.27	287.67	133442	4398236672
2019/11/22	290.67	292.07	288.27	291.87	106649	3539689728
2019/11/25	300.07	300.07	296.07	297.07	179271	6089196544
2019/11/26	299.27	300.27	292.07	293.87	294381	9906385920
2019/11/27	295.27	297.07	292.27	293.27	112120	3768125440
2019/11/28	293.27	298.47	291.87	296.27	181925	6143782912
2019/11/29	292.47	293.47	287.27	290.07	138085	4574324224
2019/12/2	293.27	293.27	289.87	291.27	101957	3397967872
2019/12/3	287.27	290.87	284.87	289.27	127356	4208497920
2019/12/4	286.07	287.67	283.67	286.87	122627	4022568448
2019/12/5	291.87	291.87	287.27	288.27	116978	3864652288
2019/12/6	291.87	294.67	290.47	293.87	156385	5238555136
2019/12/9	293.27	296.07	292.07	294.47	98395	3308435712
2019/12/10	291.47	297.07	291.07	295.07	104721	3524940800
2019/12/11	297.27	298.67	295.27	298.27	125356	4250640128
2019/12/12	303.07	309.67	301.87	307.27	332827	11583727616
2019/12/13	318.27	320.07	314.87	319.27	327869	11765587968
2019/12/16	321.07	322.67	316.27	318.07	192389	6947056128
2019/12/17	326.47	331.27	321.67	329.47	325571	12019057664
2019/12/18	338.27	338.27	331.47	335.87	315604	11872884736
2019/12/19	332.87	333.87	328.67	333.87	184411	6887291392
2019/12/20	336.27	336.27	330.47	333.47	216567	8117618688
2019/12/23	336.27	336.27	332.07	336.07	116720	4391275520
2019/12/24	337.27	338.07	335.07	335.07	63605	2403547648
2019/12/27	337.07	343.67	336.47	342.27	191800	7351191040
2019/12/30	339.67	342.87	339.47	341.47	143286	5486565376
2019/12/31	337.27	338.47	332.87	333.87	103785	3909899520
2020/1/2	334.07	343.07	333.87	340.67	139910	5339844608
2020/1/3	346.27	348.27	339.47	341.27	153131	5894345216
2020/1/6	338.27	338.27	333.67	335.67	121232	4579164672
2020/1/7	339.07	346.07	338.27	343.87	176863	6807794688
2020/1/8	340.67	344.07	337.47	340.27	155292	5939016192
2020/1/9	348.27	348.27	345.27	348.27	159468	6204441088
2020/1/10	353.07	357.47	350.27	356.87	252920	10030083072
2020/1/13	358.27	364.67	355.67	364.67	275703	11085383680
2020/1/14	368.27	371.27	354.87	358.67	268276	10863865856
2020/1/15	355.47	361.27	354.47	357.07	159381	6348068352
2020/1/16	357.27	361.27	354.67	358.27	137706	5490470400
2020/1/17	358.27	358.87	354.27	357.27	136708	5445721600
2020/1/20	363.27	363.27	354.27	354.27	132824	5298844672
2020/1/21	353.27	353.27	341.67	343.67	241734	9349942272
2020/1/22	345.67	351.07	340.87	349.27	186823	7272504320
2020/1/23	347.87	348.07	337.27	343.87	186213	7161286144
2020/1/24	345.27	346.87	341.67	344.07	80507	3106178048
2020/1/29	342.47	347.87	339.27	341.47	317610	12247522304
2020/1/30	344.27	347.27	328.47	333.27	249468	9439561728
2020/1/31	338.47	343.07	329.67	331.27	202991	7653063168
2020/2/3	336.27	341.47	327.87	338.27	286784	10855940096
2020/2/4	348.27	351.87	343.07	351.27	284336	11089845248
2020/2/5	358.27	358.27	345.67	350.47	223986	8822351872
2020/2/6	356.27	358.27	350.47	358.27	177921	7077741056
2020/2/7	357.47	360.67	352.87	360.67	148967	5941868544
2020/2/10	353.87	359.27	353.27	358.87	164635	6575890432
2020/2/11	363.27	369.27	361.87	367.27	231842	9473538048
2020/2/12	368.27	371.87	366.47	369.27	177027	7282363904
2020/2/13	374.27	374.87	371.47	374.67	178630	7417627648
2020/2/14	373.27	378.27	371.67	373.27	138873	5789568000
2020/2/17	368.87	378.07	368.47	374.87	106795	4452365824
2020/2/18	371.27	372.67	365.67	366.47	130332	5346215936
2020/2/19	368.27	372.87	366.87	369.67	125010	5140487680
2020/2/20	374.27	374.27	363.87	368.27	165827	6798445568
2020/2/21	364.27	366.67	358.27	359.27	174460	7033970176
2020/2/24	351.47	354.07	348.27	348.67	231824	9095303168
2020/2/25	349.07	361.07	348.67	359.87	240810	9589497856
2020/2/26	355.87	362.07	353.87	357.87	183261	7314708480
2020/2/27	357.27	359.87	352.67	357.47	191785	7618588672
2020/2/28	349.67	350.07	342.67	344.27	319154	12365898752
2020/3/2	342.87	352.87	342.87	347.87	230896	9009748992
2020/3/3	351.27	357.07	351.27	352.27	218090	8631162880
2020/3/4	354.27	354.27	349.07	352.27	195580	7691009024
2020/3/5	356.27	365.07	352.27	364.47	270461	10871236608
2020/3/6	356.27	358.47	353.27	354.07	303866	12051592192
2020/3/9	338.27	343.27	331.87	335.67	361239	13746138112
2020/3/10	340.27	347.67	334.27	341.27	319040	12221835264
2020/3/11	341.27	342.87	335.27	336.67	204482	7787449856
2020/3/12	326.27	327.67	320.07	321.87	380418	13877579776
2020/3/13	294.27	326.27	294.27	323.27	573931	20244342784
2020/3/16	314.27	316.07	295.27	300.07	497077	17245386752
2020/3/17	300.07	313.07	296.27	308.07	421494	14641995776
2020/3/18	301.27	313.47	288.27	292.27	443970	15183694848
2020/3/19	301.27	308.87	283.47	301.27	597502	20218288128
2020/3/20	313.27	322.67	307.47	317.87	522991	18730756096
2020/3/23	298.47	317.67	298.47	306.27	386942	13587732480
2020/3/24	319.27	326.07	316.27	323.47	366135	13314342912
2020/3/25	333.27	339.87	331.67	338.27	362269	13664405504
2020/3/26	344.27	344.27	334.27	340.07	293189	11192997888
2020/3/27	348.27	348.27	340.07	340.67	287387	11039663104
2020/3/30	330.07	338.27	329.87	334.87	218387	8188544000
2020/3/31	343.47	344.27	329.07	338.47	222013	8409876992
2020/4/1	341.87	341.87	330.67	332.67	236213	8917624832
2020/4/2	328.27	338.07	327.87	338.07	121259	4549654528
2020/4/3	330.27	334.67	330.27	334.67	142742	5344489984
2020/4/6	338.27	342.27	334.87	339.67	138691	5273704960
2020/4/7	345.87	345.87	340.27	345.87	189171	7290528256
2020/4/8	346.07	346.07	340.87	343.27	151813	5841274880
2020/4/9	348.27	349.67	344.87	349.67	156960	6107484160
2020/4/14	354.27	355.87	350.67	353.27	261990	10360212480
2020/4/15	358.87	358.87	353.27	353.27	205074	8148899840
2020/4/16	357.27	365.07	353.27	365.07	288510	11614129152
2020/4/17	375.27	377.87	364.47	367.87	296269	12232208384
2020/4/20	367.87	369.27	364.87	366.87	153373	6271265280
2020/4/21	368.67	368.67	354.87	358.87	208252	8369321984
2020/4/22	355.27	368.07	354.27	367.67	171542	6935650816
2020/4/23	368.27	373.27	365.67	369.87	178072	7326114304
2020/4/24	363.27	368.67	362.67	364.67	125015	5098214912
2020/4/27	371.07	373.27	368.47	371.27	156663	6478895104
2020/4/28	373.27	375.47	370.67	375.47	131141	5447427584
2020/4/29	376.27	377.27	371.87	375.27	132740	5526383104
2020/5/4	367.07	367.07	358.27	358.27	246383	9942441984
2020/5/5	359.47	365.87	358.87	364.27	125831	5093289472
2020/5/6	364.87	370.47	364.07	368.27	197978	8105125376
2020/5/7	369.87	369.87	365.47	365.47	122983	5034932736
2020/5/8	370.87	376.47	369.87	376.47	220193	9161298944
2020/5/11	383.27	393.27	381.87	393.27	334574	14343129088
2020/5/12	386.47	393.07	384.07	389.27	220377	9487820800
2020/5/13	386.47	396.47	384.47	387.87	242758	10519762944
2020/5/14	402.27	405.27	384.87	388.87	329300	14344840192
2020/5/15	389.47	395.07	379.47	380.67	245909	10495192064
2020/5/18	378.47	384.87	376.27	382.47	205851	8666976256
2020/5/19	389.67	392.47	385.07	389.47	198397	8511588352
2020/5/20	394.07	399.47	391.47	399.47	212454	9257708544
2020/5/21	395.87	397.27	390.87	392.87	187795	8161589248
2020/5/22	386.47	386.47	369.47	371.87	378698	15776751616
2020/5/25	369.47	377.07	365.47	376.07	199504	8230190592
2020/5/26	381.87	387.87	378.67	384.87	159982	6790586368
2020/5/27	382.67	382.67	373.67	379.47	208323	8716093440
2020/5/28	380.47	380.47	363.67	367.67	289404	11903951872
2020/5/29	365.27	372.87	363.47	369.87	292780	11994649600
2020/6/1	378.87	389.27	378.67	388.47	229926	9774168064
2020/6/2	395.47	395.47	388.67	389.87	178462	7721343488
2020/6/3	395.47	396.87	385.67	392.07	200291	8639848448
2020/6/4	394.47	394.47	388.07	394.47	184741	7986632704
2020/6/5	393.47	393.67	386.07	393.67	265295	11462466560
2020/6/8	394.47	395.27	386.47	389.47	197196	8487281152
2020/6/9	391.47	394.47	387.67	393.27	184968	8011913728
2020/6/10	396.47	406.87	395.27	405.67	339416	15029570560
2020/6/11	410.27	414.87	401.47	401.87	269269	12111817728
2020/6/12	394.07	403.87	392.47	400.47	174605	7686142464
2020/6/15	394.47	403.87	391.67	393.07	160096	6995208192
2020/6/16	408.87	412.27	404.87	408.27	224507	10078559232
2020/6/17	411.27	413.07	404.47	410.07	140778	6332610048
2020/6/18	411.87	417.47	404.67	417.47	186274	8447912960
2020/6/19	417.47	425.07	415.87	419.87	253318	11707648000
2020/6/22	419.47	434.07	418.67	433.67	259633	12189885440
2020/6/23	439.47	458.07	434.67	456.87	313283	15365545984
2020/6/24	461.47	464.47	450.27	450.27	230635	11485185024
2020/6/26	445.87	452.47	443.07	444.47	178783	8709013504
2020/6/29	440.47	453.27	440.47	445.47	220790	10776247296
2020/6/30	447.67	459.47	447.67	458.07	221445	11015962624
2020/7/2	462.47	478.47	462.47	477.97	317845	16271344640
2020/7/3	479.47	488.47	470.97	483.97	210008	10923180032
2020/7/6	483.47	488.47	475.47	479.47	232597	12159008768
2020/7/7	478.47	490.47	471.47	475.47	252236	13132486656
2020/7/8	474.97	505.97	474.97	502.47	276120	14802663424
2020/7/9	504.47	523.47	503.47	522.47	260659	14446320640
2020/7/10	508.47	521.47	505.47	505.97	234596	12954540032
2020/7/13	499.97	515.47	499.47	500.47	200359	10944033792
2020/7/14	488.47	494.97	476.97	484.47	258418	13578300416
2020/7/15	497.97	502.47	489.97	502.47	221692	11933986816
2020/7/16	498.47	501.47	470.47	472.47	270471	14140917760
2020/7/17	478.47	489.47	476.47	480.47	175644	9195984896
2020/7/20	480.47	486.97	472.47	481.97	129869	6774535680
2020/7/21	507.97	523.47	503.47	523.47	291001	16111806464
2020/7/22	512.47	522.47	496.97	498.47	209311	11556317184
2020/7/23	505.47	516.97	502.47	516.47	190880	10512026624
2020/7/24	501.47	506.47	484.47	487.47	281350	14985766912
2020/7/27	489.47	497.47	474.47	479.47	186874	9811576832
2020/7/28	494.47	503.97	488.47	502.97	215346	11594078208
2020/7/29	495.97	501.97	492.47	500.97	124832	6720889856
2020/7/30	506.47	508.97	491.47	494.47	137029	7422271488
2020/7/31	499.47	509.47	493.47	493.47	156326	8458739200
2020/8/3	495.47	500.97	487.47	498.47	180760	9663104000
2020/8/4	505.47	515.97	499.47	509.47	201812	11061979136
2020/8/5	516.97	520.47	510.47	520.47	158850	8854658048
2020/8/6	519.97	523.47	502.97	514.97	205687	11343525888
2020/8/7	518.47	518.47	458.87	486.97	621171	32619800576
2020/8/10	469.47	477.47	460.47	461.47	485839	24704122880
2020/8/11	470.47	485.47	469.47	472.97	254985	13166766080
2020/8/12	471.47	482.47	463.47	479.97	189450	9757001728
2020/8/13	487.47	490.47	469.47	469.47	272546	14087534592
2020/8/14	461.97	473.47	460.97	465.97	179914	9138506752
2020/8/17	467.97	474.47	461.47	463.97	147909	7518270464
2020/8/18	474.47	475.97	468.47	471.47	133873	6858288640
2020/8/19	475.47	479.47	465.47	465.47	110963	5644803584
2020/8/20	467.47	468.47	461.47	467.47	143756	7257117184
2020/8/21	475.97	483.97	471.47	477.47	182451	9470728192
2020/8/24	496.97	507.47	494.47	507.47	274101	14801866752
2020/8/25	507.47	508.47	496.47	503.97	180134	9792212992
2020/8/26	512.97	514.47	505.47	510.97	156334	8608607232
2020/8/27	513.47	519.47	506.47	517.47	170322	9465271296
2020/8/28	513.47	517.47	499.97	499.97	225377	12345302016
2020/8/31	513.97	513.97	489.97	489.97	216054	11725601792
2020/9/1	496.97	506.47	490.47	498.47	197673	10678566912
2020/9/2	514.47	514.47	502.97	504.47	145653	7978062848
2020/9/3	505.47	507.97	492.47	493.47	170787	9211928576
2020/9/4	476.47	483.97	472.47	477.47	330729	17181208576
2020/9/7	475.47	483.97	469.47	470.47	180398	9289086976
2020/9/8	476.47	479.47	461.47	467.97	185177	9409543168
2020/9/9	461.47	467.97	460.97	463.47	177596	8969362432
2020/9/10	473.47	477.97	465.47	465.47	136823	7018636800
2020/9/11	468.47	477.97	465.97	475.47	127389	6535475200
2020/9/14	480.97	496.97	477.97	488.97	192816	10239694848
2020/9/15	494.97	497.97	486.97	488.97	113194	6031387648
2020/9/16	497.47	497.47	489.97	493.97	101862	5447963648
2020/9/17	494.47	495.47	481.47	486.47	117740	6200839168
2020/9/18	479.47	484.47	469.97	484.47	216974	11290861568
2020/9/21	481.47	486.97	471.47	475.97	105114	5453114880
2020/9/22	472.47	477.97	469.47	470.97	125464	6435266048
2020/9/23	471.47	480.97	469.47	473.47	125177	6456683008
2020/9/24	469.47	471.47	464.47	464.47	143470	7274711040
2020/9/25	469.47	470.97	461.47	462.97	132271	6698534912
2020/9/28	464.47	468.97	462.97	465.47	109400	5536419328
2020/9/29	474.47	474.97	464.97	464.97	114313	5847157760
2020/9/30	471.97	479.47	468.47	470.97	102451	5261135872
2020/10/5	489.47	489.47	480.97	484.47	182385	9573793792
2020/10/6	486.97	488.97	484.97	486.97	78506	4139145216
2020/10/7	489.47	495.47	485.97	494.47	115217	6138779136
2020/10/8	496.97	497.47	490.97	494.47	81289	4342355968
2020/10/9	496.97	504.47	494.47	498.97	151925	8213727744
2020/10/12	504.47	516.47	502.97	516.47	189004	10446613504
2020/10/14	527.47	533.47	519.97	532.97	259039	14737446912
2020/10/15	529.47	529.47	507.97	511.47	155217	8662203392
2020/10/16	518.47	522.97	511.47	516.47	103249	5758463488
2020/10/19	521.47	527.97	517.97	520.97	97718	5488767488
2020/10/20	525.97	525.97	517.97	523.97	99464	5593221632
2020/10/21	527.97	532.47	521.47	525.97	122135	6924288000
2020/10/22	525.47	526.97	512.47	522.97	126523	7105149440
2020/10/23	519.97	523.97	516.47	520.97	75537	4239428352
2020/10/27	524.47	547.97	519.97	544.47	281193	16298075136
2020/10/28	546.97	563.47	543.47	560.47	249175	14871902208
2020/10/29	548.47	573.47	546.97	564.47	230505	13855722496
2020/10/30	556.47	569.47	543.97	550.47	248850	14821386240
2020/11/2	552.47	562.97	545.97	560.97	155075	9232586752
2020/11/3	556.47	562.97	554.47	557.47	169774	10177617920
2020/11/4	533.47	558.97	532.97	547.97	284644	16719224832
2020/11/5	569.47	584.47	568.47	584.47	259587	16058051584
2020/11/6	585.97	586.47	565.47	573.97	213503	13110895616
2020/11/9	589.97	592.47	579.47	581.97	173431	10871354368
2020/11/10	567.47	570.47	544.47	554.47	361203	21683310592
2020/11/11	520.47	544.47	510.47	510.47	660670	37359632384
2020/11/12	529.47	545.47	529.47	536.47	323094	18678261760
2020/11/13	549.47	561.47	540.47	561.47	284554	16890155008
2020/11/16	559.47	562.47	544.97	556.47	193898	11525780480
2020/11/17	555.47	555.47	540.97	540.97	193721	11361989632
2020/11/18	545.47	550.47	539.47	548.47	134831	7889782272
2020/11/19	545.47	546.47	532.47	532.47	157066	9112478720
2020/11/20	537.47	551.47	534.97	547.47	165680	9701020672
2020/11/23	558.47	559.47	545.47	545.47	208995	12361112576
2020/11/24	546.47	549.47	538.47	543.47	159028	9294298112
2020/11/25	548.97	553.47	530.47	532.47	206045	11915052032
2020/11/26	537.97	545.47	534.47	545.47	111441	6487045120
2020/11/27	545.47	553.97	542.47	542.47	111811	6572380672
2020/11/30	541.47	543.97	522.47	522.47	328132	18732937216
2020/12/1	532.47	540.47	530.97	537.47	222219	12733964288
2020/12/2	543.97	543.97	527.47	533.47	134751	7749525504
2020/12/3	543.97	548.47	538.97	548.47	155572	9101744128
2020/12/4	548.47	552.47	546.47	547.97	143635	8467054592
2020/12/7	551.97	551.97	538.97	542.97	121333	7085424128
2020/12/8	547.47	549.97	541.97	542.47	97623	5724548096
2020/12/9	550.47	550.47	542.47	544.47	98864	5805136896
2020/12/10	539.47	541.97	536.97	537.47	102284	5929666560
2020/12/11	549.47	549.47	541.97	547.47	120406	7060512768
2020/12/14	544.97	544.97	529.47	530.47	211772	12181587968
2020/12/15	530.47	531.47	519.47	519.47	233249	13151780864
2020/12/16	522.97	530.97	512.47	530.97	173154	9775393792
2020/12/17	539.47	542.47	533.47	542.47	138372	8013666816
2020/12/18	545.47	545.47	533.97	539.47	192058	11117554688
2020/12/21	539.97	539.97	530.47	531.47	131571	7561030656
2020/12/22	533.97	537.47	526.97	531.97	102698	5878274048
2020/12/23	527.47	533.97	525.97	530.47	113915	6502122496
2020/12/24	529.47	530.97	515.47	515.47	137386	7707673088
2020/12/28	498.97	501.47	478.47	478.47	605597	32119140352
2020/12/29	489.47	498.47	485.47	489.97	362500	19331592192
2020/12/30	501.47	522.47	498.47	518.97	291830	16171926528
2020/12/31	524.47	528.47	518.97	523.47	131961	7457111040
2021/1/4	517.47	542.47	516.97	531.97	207841	11968673792
2021/1/5	531.47	545.97	524.97	542.97	186681	10816494592
2021/1/6	544.47	558.47	544.47	555.97	257125	15288562688
2021/1/7	539.97	543.97	527.97	527.97	398776	22909263872
2021/1/8	527.97	537.47	526.97	532.47	228638	13114406912
2021/1/11	540.47	561.47	540.47	550.47	384031	22778820608
2021/1/12	545.97	555.97	545.47	549.47	201708	11926523904
2021/1/13	548.97	561.97	547.97	555.47	226096	13511177216
2021/1/14	567.47	588.97	566.47	588.97	366140	22750322688
2021/1/15	588.97	605.47	577.47	604.47	306601	19497359360
2021/1/18	597.97	626.97	594.97	616.47	335028	21986252800
2021/1/19	624.47	632.97	607.47	614.47	303220	20020649984
2021/1/20	630.47	639.47	617.47	638.97	362135	24314611712
2021/1/21	639.97	659.47	633.47	641.97	277546	19133097984
2021/1/22	649.47	658.97	643.97	650.47	303295	20995805184
2021/1/25	666.47	726.97	661.97	725.97	469624	34857127936
2021/1/26	704.47	708.47	674.97	677.97	499685	36499181568
2021/1/27	675.47	688.47	657.97	660.97	373860	26685280256
2021/1/28	659.47	678.97	640.47	640.47	372898	25931528192
2021/1/29	654.47	676.47	640.97	640.97	339745	23662536704
2021/2/1	657.47	686.97	657.47	671.47	286434	20413388800
2021/2/2	699.47	707.47	682.97	683.97	263271	19399571456
2021/2/3	693.47	698.97	682.47	695.47	169798	12452189184
2021/2/4	684.47	701.97	669.97	694.97	236392	17234710528
2021/2/5	707.47	716.47	691.97	692.47	186648	13888078848
2021/2/8	707.47	709.47	694.47	695.97	148183	10996932608
2021/2/9	704.97	707.97	696.47	699.97	106518	7900955136
2021/2/10	718.47	729.47	710.97	720.47	169247	12889470976
2021/2/11	722.47	722.47	708.47	716.47	102606	7749505024
2021/2/16	721.97	725.97	700.47	704.47	235800	17732825088
2021/2/17	700.47	722.47	689.97	716.97	160365	12044879872
2021/2/18	726.47	734.97	704.47	706.97	242419	18435080192
2021/2/19	706.47	706.97	685.47	700.47	225896	16681619456
2021/2/22	708.97	708.97	670.47	672.97	272965	19794769920
2021/2/23	656.47	681.47	656.47	666.47	269340	19140485120
2021/2/24	668.97	674.97	639.47	646.47	415856	28783112192
2021/2/25	659.47	676.47	650.97	650.97	240084	16827615232
2021/2/26	628.47	645.97	621.97	621.97	370771	24917067776
2021/3/1	651.47	656.47	638.47	656.47	270790	18571644928
2021/3/2	671.47	681.47	651.97	657.47	230800	16311047168
2021/3/3	657.47	682.47	649.47	682.47	182853	13013562368
2021/3/4	661.47	668.97	649.47	649.47	244976	17084112896
2021/3/5	627.97	654.47	626.47	638.47	271371	18457589760
2021/3/8	642.97	648.47	600.47	601.97	362332	23819032576
2021/3/9	591.47	623.97	572.47	603.47	388054	24737312768
2021/3/10	629.47	629.47	611.47	617.97	232557	15380502528
2021/3/11	617.97	642.97	616.97	639.97	209727	14151203840
2021/3/12	653.47	653.97	606.97	609.97	259859	17407186944
2021/3/15	609.47	612.47	580.47	587.47	350129	22199003136
2021/3/16	598.47	602.97	584.47	589.97	195435	12361191424
2021/3/17	583.97	598.47	581.47	583.97	190991	11972070400
2021/3/18	594.47	610.97	591.47	599.97	223627	14361461760
2021/3/19	587.47	597.97	583.47	587.47	225403	14178638848
2021/3/22	589.97	602.97	588.97	592.97	140125	8876749824
2021/3/23	603.97	603.97	585.97	587.97	146077	9245368320
2021/3/24	590.47	596.97	575.47	582.97	180490	11250252800
2021/3/25	559.47	581.47	547.97	565.47	442897	26816372736
2021/3/26	565.47	591.47	564.97	579.47	244895	15191052288
2021/3/29	579.47	581.47	559.97	571.47	290083	17734707200
2021/3/30	572.97	580.47	565.97	568.97	205564	12601670656
2021/3/31	577.47	580.97	568.47	569.47	159400	9771061248
2021/4/1	586.97	615.47	580.97	613.47	329031	20983287808
2021/4/7	612.47	617.47	582.97	588.97	271784	17284278272
2021/4/8	573.47	588.47	573.47	579.47	2473863	1.49E+11
2021/4/9	588.47	588.47	574.97	579.97	224637	13938508800
2021/4/12	575.47	578.97	562.47	572.97	279798	17083866112
2021/4/13	572.97	581.47	566.47	567.47	184402	11299730432
2021/4/14	580.47	584.47	574.97	582.97	179997	11178712064
2021/4/15	582.97	582.97	569.97	579.47	145486	8953515008
2021/4/16	579.47	591.97	575.47	591.47	207571	12991324160
2021/4/19	589.47	603.47	579.47	586.47	202414	12788968448
2021/4/20	579.47	585.47	577.47	581.97	152280	9461630976
2021/4/21	573.97	575.47	567.47	568.47	206609	12626279424
2021/4/22	580.97	583.97	575.47	580.47	153777	9540018176
2021/4/23	586.97	591.47	580.47	591.47	162975	10229264384
2021/4/26	591.47	599.47	584.97	587.97	142001	8993173504
2021/4/27	582.97	584.47	575.97	584.47	138285	8596240384
2021/4/28	580.47	587.47	576.97	587.47	111970	7003462144
2021/4/29	598.97	598.97	587.97	590.97	124664	7907101696
2021/4/30	586.97	586.97	579.47	582.47	119947	7471779328
2021/5/3	578.97	583.97	575.97	583.97	79443	4941793792
2021/5/4	583.97	584.47	578.47	581.47	63266	3932824576
2021/5/5	574.97	576.47	569.97	569.97	116269	7133404672
2021/5/6	573.97	578.47	561.97	569.97	214076	13029878784
2021/5/7	572.47	572.47	559.47	559.47	174629	10549714944
2021/5/10	558.47	567.47	549.47	554.47	205400	12257648640
2021/5/11	541.47	545.47	525.97	543.97	346176	20024475648
2021/5/12	543.97	562.47	543.97	557.97	229039	13626241024
2021/5/13	552.47	554.47	539.47	539.47	179798	10551371776
2021/5/14	536.47	547.47	533.47	542.47	160141	9314451456
2021/5/17	552.47	563.97	548.47	559.97	191670	11470569472
2021/5/18	566.47	568.97	558.97	566.97	121884	7379704832
2021/5/20	570.47	574.97	562.97	568.47	156317	9523152896
2021/5/21	559.47	559.47	542.97	547.97	403408	23781670912
2021/5/24	547.57	549.07	537.57	546.57	166084	9690485760
2021/5/25	550.57	574.07	549.57	571.07	270446	16384026624
2021/5/26	585.57	585.57	573.07	579.07	187264	11572417536
2021/5/27	571.07	574.07	563.07	566.57	257449	15628668928
2021/5/28	569.07	573.07	562.07	562.57	151831	9193576448
2021/5/31	573.07	580.57	564.57	580.07	155182	9488557056
2021/6/1	580.07	593.07	578.07	589.07	180416	11306860544
2021/6/2	595.07	601.07	586.57	589.57	163321	10318073856
2021/6/3	589.57	590.57	573.07	576.57	123105	7632225280
2021/6/4	571.07	575.57	567.07	572.57	189405	11545288704
2021/6/7	572.07	572.57	559.57	561.57	197674	11937603584
2021/6/8	567.07	567.07	558.07	562.07	103242	6205313024
2021/6/9	561.07	567.07	558.57	564.07	77669	4677955072
2021/6/10	566.07	569.57	559.07	561.57	117276	7054660608
2021/6/11	569.57	569.57	557.07	557.07	144967	8713137152
2021/6/15	566.07	566.07	553.07	561.07	115314	6899537408
2021/6/16	558.07	559.57	555.57	557.57	97711	5826298880
2021/6/17	555.07	560.07	552.57	560.07	137718	8187760640
2021/6/18	563.07	569.07	560.57	564.07	123016	7418484224
2021/6/21	561.07	561.07	543.57	551.57	235086	13848594432
2021/6/22	550.07	550.07	532.57	534.57	308729	17803546624
2021/6/23	541.07	544.07	534.07	543.57	183884	10645901312
2021/6/24	545.07	548.57	541.07	544.07	109473	6387238400
2021/6/25	549.57	561.07	545.07	559.57	192521	11434597376
2021/6/28	564.07	567.07	553.07	556.57	114860	6841164288
2021/6/29	561.07	562.07	549.07	551.57	147143	8719406080
2021/6/30	558.57	558.57	545.07	545.07	136184	8009048576
2021/7/2	559.57	559.57	533.57	535.57	249386	14455214080
2021/7/5	531.07	533.07	509.57	515.07	433381	24111867904
2021/7/6	513.07	524.07	510.07	520.07	194731	10833367040
2021/7/7	513.07	514.57	499.57	509.57	305207	16657004544
2021/7/8	501.07	504.57	484.57	489.07	456885	24236308480
2021/7/9	486.07	503.07	470.57	499.57	429222	22695344128
2021/7/12	510.57	512.07	483.57	495.57	306427	16329217024
2021/7/13	502.07	523.57	494.07	516.57	331259	18301042688
2021/7/14	521.07	524.07	515.07	517.57	199083	11133067264
2021/7/15	522.57	533.07	521.57	526.07	201797	11459243008
2021/7/16	528.07	530.57	518.07	525.07	147601	8329381888
2021/7/19	521.07	521.07	506.57	510.57	169147	9304895488
2021/7/20	510.07	517.07	500.07	503.57	198133	10774124544
2021/7/21	503.57	505.57	491.07	499.07	203010	10870167552
2021/7/22	506.07	510.07	498.07	505.07	156924	8517327872
2021/7/23	507.07	507.57	490.07	492.07	167588	8992755712
2021/7/26	471.07	473.57	450.27	451.07	822906	41055113216
2021/7/27	426.47	441.87	399.87	407.07	1080272	49742782464
2021/7/28	412.07	421.67	383.07	408.27	1128640	49651531776
2021/7/29	441.07	455.27	429.67	453.07	728963	35108302848
2021/7/30	448.67	448.67	426.07	440.07	404600	19288365056
2021/8/2	437.07	439.87	420.27	436.07	294451	13807677440
2021/8/3	429.87	429.87	384.67	407.07	1178126	51535704064
2021/8/4	396.07	430.87	395.07	417.87	461035	21007884288
2021/8/5	413.67	425.47	393.67	400.07	586259	26193547264
2021/8/6	405.87	421.47	401.07	414.67	429465	19468785664
2021/8/9	408.87	433.47	403.67	422.67	409564	18847166464
2021/8/10	439.07	454.07	434.27	447.27	408820	19749306368
2021/8/11	451.27	453.67	441.07	445.07	201457	9769581568
2021/8/12	443.67	452.27	437.27	443.07	163509	7896898560
2021/8/13	432.27	437.27	422.47	431.27	264175	12356849664
2021/8/16	424.67	427.47	410.07	414.87	290207	13186394112
2021/8/17	403.87	407.47	394.07	396.07	431441	18887385088
2021/8/18	391.07	404.07	391.07	397.27	265969	11588411392
2021/8/19	409.07	411.87	380.27	382.27	511017	22060621824
2021/8/20	382.27	394.27	373.27	386.47	521359	22090584064
2021/8/23	401.07	405.07	392.67	394.87	446184	19545956352
2021/8/24	407.87	433.07	406.27	433.07	495193	22718126080
2021/8/25	452.67	452.67	428.87	435.67	412297	19710169088
2021/8/26	435.67	441.87	429.47	432.87	172979	8181575680
2021/8/27	430.07	444.67	423.67	427.47	234634	11081578496
2021/8/30	425.27	429.47	418.67	426.87	184753	8532161536
2021/8/31	423.87	442.27	408.27	442.27	521804	24228212736
2021/9/1	446.07	455.67	438.87	449.47	352952	17192591360
2021/9/2	460.07	471.07	454.07	457.07	404720	20302809088
2021/9/3	457.67	458.67	442.67	449.07	271405	13229998080
2021/9/6	450.47	468.07	449.27	466.07	267739	13405734912
2021/9/7	471.07	481.07	469.07	476.57	249632	12901520384
2021/9/8	487.07	490.07	473.57	485.57	329959	17246382080
2021/9/9	470.07	472.57	440.07	441.07	540909	26716848128
2021/9/10	452.27	455.87	442.27	451.07	356712	17407850496
2021/9/13	441.07	442.27	432.07	439.07	278156	13236015104
2021/9/14	437.47	443.87	429.87	433.87	199053	9452753920
2021/9/15	419.07	425.07	412.27	414.47	361663	16534148096
2021/9/16	407.87	415.87	406.07	412.07	245199	11017889792
2021/9/17	406.87	428.67	406.27	422.87	239826	11022214144
2021/9/20	417.67	418.47	409.07	415.27	155132	7033574912
2021/9/21	407.07	414.87	404.27	411.07	165569	7429009920
2021/9/23	421.27	430.67	417.47	424.27	222109	10268430336
2021/9/24	422.47	434.47	417.27	421.27	166569	7730374656
2021/9/27	420.07	434.07	416.27	425.67	179670	8374945280
2021/9/28	428.07	437.27	425.67	430.87	209473	9885230080
2021/9/29	422.67	426.07	411.27	426.07	182504	8374555648
2021/9/30	417.07	425.67	414.87	422.47	173355	7955885056
2021/10/4	431.07	431.07	415.47	418.07	117203	5397644800
2021/10/5	407.27	414.67	406.47	411.07	118818	5338522112
2021/10/6	415.07	415.07	406.67	407.47	108478	4864491520
2021/10/7	416.07	433.87	415.27	432.47	145507	6754438656
2021/10/8	451.07	451.07	433.07	442.87	298064	14375823360
2021/10/11	453.67	459.67	450.07	457.07	262040	12950622208
2021/10/12	448.07	451.07	441.27	444.27	164485	7961752064
2021/10/15	452.87	461.07	445.47	456.67	291268	14382304256
2021/10/18	460.47	460.47	446.47	458.07	207300	10183122944
2021/10/19	456.47	461.07	451.67	460.07	154278	7654574080
2021/10/20	469.07	476.07	465.57	470.57	327240	16674987008
2021/10/21	470.57	473.57	461.07	466.57	166829	8443456000
2021/10/22	468.57	473.07	463.57	470.57	127433	6485469184
2021/10/25	466.57	471.07	462.07	466.07	122575	6188475904
2021/10/26	468.57	469.07	456.67	463.07	153091	7680289280
2021/10/27	451.87	452.67	443.27	448.07	187159	9118398464
2021/10/28	446.87	455.07	446.87	449.27	136732	6692673536
2021/10/29	447.87	449.47	442.07	442.07	164405	7948323328
2021/11/1	437.47	437.87	426.07	430.67	226495	10654646272
2021/11/2	439.67	443.07	421.27	425.07	330060	15457739776
2021/11/3	423.07	431.07	418.87	430.07	193627	8976079872
2021/11/4	436.27	442.87	434.87	441.87	164407	7856705024
2021/11/5	433.07	435.27	426.27	428.47	200192	9394664448
2021/11/8	421.07	425.07	414.47	424.87	223408	10272693248
2021/11/9	430.07	432.07	420.67	425.07	136074	6311329792
2021/11/10	430.07	447.87	427.07	444.67	306174	14609652736
2021/11/11	439.07	441.27	428.07	438.67	360352	17044525056
2021/11/12	448.87	452.47	442.87	446.27	238297	11587776512
2021/11/15	453.07	455.87	450.07	452.87	193946	9549754368
2021/11/16	458.47	470.07	455.27	463.57	282632	14166900736
2021/11/17	465.07	470.07	459.67	470.07	214445	10856515584
2021/11/18	463.07	464.57	453.87	457.87	193219	9600439296
2021/11/19	447.67	457.67	446.07	457.07	152128	7484219392
2021/11/22	459.07	462.57	452.07	455.47	146868	7280701440
2021/11/23	445.07	446.87	440.07	442.27	187259	9023143936
2021/11/24	434.27	441.87	428.47	433.27	260220	12343857152
2021/11/25	433.27	443.47	432.07	438.87	169397	8088219648
2021/11/26	433.67	433.67	421.07	424.47	328855	15277028352
2021/11/29	423.07	432.27	422.47	423.47	195095	9076748288
2021/11/30	418.67	421.27	410.07	420.47	355863	16208092160
2021/12/1	423.67	434.67	422.47	429.87	203411	9536336896
2021/12/2	428.07	434.67	424.67	434.67	177199	8332257280
2021/12/3	429.87	429.87	418.67	423.67	224970	10392379392
2021/12/6	409.87	420.67	408.67	408.87	309582	13977198592
2021/12/7	418.87	425.07	412.67	424.87	232356	10647181312
2021/12/8	428.67	431.47	426.07	428.07	151733	7098930176
2021/12/9	435.47	435.47	432.07	433.67	133537	6312133120
2021/12/10	432.07	435.07	422.67	424.47	152305	7109008384
2021/12/13	431.67	442.07	427.67	427.67	222398	10537949184
2021/12/14	421.07	426.67	418.47	420.87	136516	6286151168
2021/12/15	420.67	425.47	414.27	416.87	133719	6118943232
2021/12/16	413.07	416.27	409.27	413.67	210295	9484391424
2021/12/17	408.07	408.27	399.07	399.07	282844	12472330240
2021/12/20	399.27	400.67	390.07	391.07	204131	8851924992
2021/12/21	391.07	407.87	390.47	401.87	172265	7556986368
2021/12/22	411.07	411.87	401.47	404.07	138396	6155373056
2021/12/23	415.07	429.87	410.27	422.87	329523	15173597184
2021/12/24	429.67	429.67	420.07	421.27	95073	4406418432
2021/12/28	418.87	420.27	406.07	411.47	189496	8527441920
2021/12/29	404.67	406.67	401.47	405.87	95894	4253457152
2021/12/30	407.47	411.87	403.07	404.47	76647	3420853760
2021/12/31	423.07	423.07	416.27	417.87	98752	4535144960
2022/1/3	420.87	424.07	414.07	414.87	60211	2745406208
2022/1/4	416.47	419.07	406.47	411.07	135621	6088207872
2022/1/5	403.47	405.07	390.07	391.67	319270	13846957056
2022/1/6	382.07	398.27	382.07	398.07	223944	9643080704
2022/1/7	406.07	409.47	399.47	404.07	208134	9222097920
2022/1/10	409.07	418.27	403.47	414.27	195608	8847206400
2022/1/11	419.07	423.07	415.27	421.07	164052	7525441536
2022/1/12	432.87	441.87	430.27	441.87	282745	13453490176
2022/1/13	447.07	447.07	433.47	436.27	183087	8732653568
2022/1/14	423.07	435.27	423.07	434.47	137228	6437061632
2022/1/17	433.07	434.87	425.07	426.67	126827	5918669824
2022/1/18	428.87	432.07	411.87	413.87	235378	10791349248
2022/1/19	414.07	419.07	411.07	416.87	174900	7942236160
2022/1/20	416.47	446.47	416.47	446.07	295363	13697507328
2022/1/21	443.27	452.87	441.47	449.27	268201	12677086208
2022/1/24	444.47	448.07	440.27	444.07	146772	6882589696
2022/1/25	433.87	442.47	433.87	441.27	249987	11590644736
2022/1/26	444.47	451.07	440.47	448.07	216193	10192131072
2022/1/27	439.47	441.47	432.27	437.47	205071	9455167488
2022/1/28	437.47	438.47	430.07	434.47	150275	6916079104
2022/1/31	435.87	446.87	433.47	446.47	114295	5356797440
2022/2/4	457.47	457.47	445.47	453.47	159305	7616780800
2022/2/7	456.47	456.47	444.67	452.47	153822	7312050688
2022/2/8	449.07	450.47	443.47	444.47	187542	8833336320
2022/2/9	454.47	458.07	451.07	457.27	233652	11220834304
2022/2/10	462.47	462.47	450.27	458.87	188087	9062644736
2022/2/11	453.27	458.07	446.87	451.47	155234	7412182528
2022/2/14	444.67	447.07	439.87	446.47	128613	6051234816
2022/2/15	446.47	449.07	440.87	444.47	138894	6527542272
2022/2/16	451.47	451.47	445.67	450.67	122096	5791775744
2022/2/17	450.67	454.07	446.47	453.47	129239	6155227136
2022/2/18	453.47	457.27	442.47	444.47	240329	11424566272
2022/2/21	438.67	441.27	415.07	419.87	460425	20797554688
2022/2/22	406.67	419.67	406.67	419.27	305629	13401460736
2022/2/23	416.87	425.87	416.87	419.47	202416	9032582144
2022/2/24	410.67	414.07	398.07	402.27	339721	14606032896
2022/2/25	406.87	413.47	394.67	398.47	255276	10903491584
2022/2/28	394.47	399.87	388.87	395.67	268493	11244577792
2022/3/1	395.67	413.47	394.87	405.47	193090	8287152640
2022/3/2	401.47	409.27	397.27	397.87	140117	5993046016
2022/3/3	397.27	400.87	389.87	393.27	198701	8324244480
2022/3/4	377.47	380.67	374.47	377.67	415531	16744182784
2022/3/7	363.47	371.67	355.47	362.47	398786	15542074368
2022/3/8	363.47	370.87	354.87	357.67	322607	12438152192
2022/3/9	357.67	365.27	344.47	359.27	332097	12580450304
2022/3/10	369.87	373.27	355.67	359.47	240627	9328893952
2022/3/11	343.47	349.87	334.47	342.27	484356	17764067328
2022/3/14	327.47	334.07	304.47	306.27	669102	23161901056
2022/3/15	279.67	307.67	271.47	272.47	1183983	36732203008
2022/3/16	289.67	345.27	284.87	341.47	1077369	36894646272
2022/3/17	375.47	375.47	348.07	364.47	696926	27026307072
2022/3/18	354.47	367.27	345.47	355.47	377146	14335811584
2022/3/21	366.67	366.87	344.87	346.87	307030	11623170048
2022/3/22	344.47	363.47	336.47	362.47	310061	11693148160
2022/3/23	373.47	378.07	359.67	363.47	422569	16689415168
2022/3/24	347.47	356.07	339.47	340.47	469315	17498814464
2022/3/25	333.07	342.87	325.47	330.87	382971	13701109760
2022/3/28	332.47	347.07	328.47	340.87	269333	9838437376
2022/3/29	345.47	354.87	344.47	351.67	209020	7860992000
2022/3/30	357.47	363.07	354.67	355.07	269519	10346238976
2022/3/31	356.87	356.87	347.07	348.67	145896	5481518080
2022/4/1	341.47	353.27	336.67	353.27	144967	5400207360
2022/4/4	363.27	365.47	358.27	364.47	156656	6072683520
2022/4/6	357.47	359.47	354.47	355.47	171279	6542733824
2022/4/7	350.07	358.07	348.27	348.87	158741	5988239872
2022/4/8	344.47	346.67	340.47	344.07	196009	7229872640
2022/4/11	340.47	340.67	327.47	328.07	227889	8134832640
2022/4/12	338.27	347.07	333.07	340.87	264098	9673662464
2022/4/13	340.47	353.47	336.27	348.07	216421	8060083712
2022/4/14	353.27	353.47	347.07	348.87	151604	5692242944
2022/4/19	340.27	342.07	335.47	338.47	177411	6466378752
2022/4/20	339.07	343.27	336.07	336.47	108536	3954556928
2022/4/21	326.47	330.67	317.47	322.47	257386	8981530624
2022/4/22	309.27	317.47	308.67	315.07	280313	9492674560
2022/4/25	306.67	313.07	299.67	301.87	257884	8541442048
2022/4/26	306.67	316.07	305.07	310.27	272883	9166022656
2022/4/27	306.47	313.07	302.67	309.27	234086	7841694720
2022/4/28	315.07	315.07	305.67	314.27	212332	7139685376
2022/4/29	313.47	362.47	311.87	351.87	474671	17416538112
2022/5/3	353.47	359.27	339.87	354.47	255713	9653231616
2022/5/4	348.87	350.27	340.67	342.87	141018	5210118656
2022/5/5	350.27	352.47	340.87	340.87	213939	7943627264
2022/5/6	327.07	329.87	321.47	323.67	229233	8047737344
2022/5/10	306.47	319.87	304.47	315.67	283987	9625534464
2022/5/11	314.07	336.47	314.07	324.87	243488	8581871104
2022/5/12	317.27	326.67	316.27	318.67	200229	6926588928
2022/5/13	324.47	331.67	324.47	328.87	194876	6902170624
2022/5/16	334.47	336.87	321.67	324.47	155580	5485265408
2022/5/17	328.87	343.87	328.87	342.87	301171	10958899200
2022/5/18	349.67	349.67	332.47	340.07	283436	10299308032
2022/5/19	316.47	318.07	308.47	316.27	601495	20388188160
2022/5/20	324.07	330.87	322.07	328.27	283257	9918518272
2022/5/23	325.67	326.67	318.07	322.87	170347	5897417728
2022/5/24	318.87	323.67	312.47	314.07	197000	6706153984
2022/5/25	310.87	315.87	310.07	310.07	215532	7245484032
2022/5/26	311.07	311.87	306.07	310.27	184964	6153040896
2022/5/27	321.67	323.87	314.27	317.87	207608	7116127744
2022/5/30	321.87	327.27	320.47	326.07	222984	7773741056
2022/5/31	325.07	339.07	322.47	338.47	647566	23316293632
2022/6/1	338.07	342.27	333.87	336.47	269203	9728484352
2022/6/2	331.07	336.67	329.87	335.07	141825	5066373120
2022/6/6	338.07	345.47	332.07	343.67	239001	8641628160
2022/6/7	348.07	350.87	339.07	343.67	270870	10014603264
2022/6/8	351.07	367.47	349.27	367.47	474769	18251431936
2022/6/9	380.07	382.87	365.07	370.87	391471	15534388224
2022/6/10	360.47	374.27	359.07	372.47	297558	11715111936
2022/6/13	359.67	362.87	349.67	353.07	249380	9469440000
2022/6/14	343.47	354.47	343.47	352.07	163077	6080672256
2022/6/15	352.07	358.27	351.27	355.87	212427	8037916672
2022/6/16	356.07	358.47	340.07	343.67	221437	8202778112
2022/6/17	337.87	350.67	337.87	345.47	194830	7202701824
2022/6/20	346.07	350.07	340.67	346.87	116397	4295087616
2022/6/21	347.87	357.07	346.27	357.07	150133	5676243968
2022/6/22	356.87	356.87	346.07	346.07	137141	5146621440
2022/6/23	347.87	355.47	345.07	351.07	126208	4731542016
2022/6/24	355.47	362.07	350.27	360.27	181978	6940912640
2022/6/27	363.07	376.27	350.67	354.27	574010	22098933760
2022/6/28	348.87	349.47	332.47	341.87	585851	21280737280
2022/6/29	336.07	346.47	332.27	341.07	349758	12740402176
2022/6/30	336.07	339.67	330.07	330.47	333852	11943780352
2022/7/4	330.47	332.47	320.47	323.07	384556	13459613696
2022/7/5	324.07	329.47	323.47	324.87	194866	6813335552
2022/7/6	325.07	329.07	316.87	323.67	248223	8584681984
2022/7/7	319.27	327.67	318.87	327.67	189857	6614921728
2022/7/8	333.27	333.27	324.67	328.67	187544	6594435584
2022/7/11	320.47	322.27	316.27	318.47	205981	7049757184
2022/7/12	314.67	316.87	312.27	313.87	173071	5851406848
2022/7/13	314.67	317.27	311.07	311.47	171342	5778623488
2022/7/14	310.67	313.47	308.07	311.07	167750	5612695040
2022/7/15	306.07	308.47	299.27	301.07	263285	8620244992
2022/7/18	302.47	309.87	297.07	308.67	203722	6691327488
2022/7/19	307.47	314.47	306.07	309.27	126556	4219284480
2022/7/20	318.07	318.87	314.07	314.67	159828	5437362688
2022/7/21	311.07	312.67	305.27	310.07	191073	6365386240
2022/7/22	313.67	315.67	306.07	308.07	150812	5031087104
2022/7/25	305.67	306.07	297.67	302.47	168478	5480305664
2022/7/26	300.67	306.47	299.27	305.47	138634	4538650112
2022/7/27	301.07	303.87	296.07	296.27	198163	6391684608
2022/7/28	300.67	301.87	296.07	296.87	153494	4942120448
2022/7/29	296.87	299.47	281.07	282.87	371944	11534928896
2022/8/1	278.07	280.87	275.67	275.67	399936	12079936512
2022/8/2	271.27	271.87	264.07	271.07	426913	12463117312
2022/8/3	275.07	282.47	274.07	278.67	274037	8279788032
2022/8/4	283.87	288.07	281.27	288.07	197920	6135442944
2022/8/5	289.47	290.07	280.27	283.67	164425	5051927040
2022/8/8	278.47	281.87	274.27	275.47	150470	4524987392
2022/8/9	276.07	280.47	272.47	274.07	141934	4251639552
2022/8/10	275.67	275.87	268.27	271.67	153586	4527799808
2022/8/11	275.27	280.67	274.27	279.67	148620	4475383296
2022/8/12	280.67	280.67	276.27	280.27	109817	3325124096
2022/8/15	277.87	281.87	275.07	276.47	116221	3501151232
2022/8/16	278.07	282.07	268.67	279.07	235300	7049537024
2022/8/17	279.07	281.87	273.07	279.27	176163	5307986432
2022/8/18	292.07	292.07	285.47	288.67	322063	10075428864
2022/8/19	288.67	296.07	288.27	291.07	232668	7366823936
2022/8/22	288.27	291.67	284.27	286.67	147753	4616632320
2022/8/23	288.07	290.07	285.07	288.87	135302	4212688384
2022/8/24	289.87	291.47	283.47	286.07	130508	4052924928
2022/8/25	288.67	301.47	288.67	301.07	194410	6230189568
2022/8/26	306.27	306.87	297.47	300.27	185762	6033768448
2022/8/29	295.07	300.87	292.87	299.07	123950	3994891776
2022/8/30	299.07	299.87	289.87	299.67	140429	4487786496
2022/8/31	291.07	310.67	290.87	303.27	262065	8547599360
2022/9/1	303.07	309.67	300.07	300.67	239323	7860185088
2022/9/2	299.87	306.67	298.27	304.67	254908	8331246080
2022/9/5	300.07	300.87	292.07	295.07	203706	6514278400
2022/9/6	295.07	297.67	287.67	290.27	162332	5099395584
2022/9/7	285.27	288.47	282.27	287.67	151785	4693056000
2022/9/8	282.87	286.67	276.27	277.87	235748	7162855424
2022/9/9	275.07	285.47	275.07	283.07	171626	5244168704
2022/9/13	284.67	284.87	280.47	280.87	171737	5262294016
2022/9/14	276.47	280.27	275.07	275.67	179890	5407892480
2022/9/15	275.27	278.47	275.27	276.07	133219	4001259776
2022/9/16	273.47	275.47	269.27	269.27	249442	7361831936
2022/9/19	268.27	268.87	264.27	265.07	229242	6653188096
2022/9/20	268.47	272.67	268.47	269.47	151363	4454161408
2022/9/21	266.47	267.47	262.07	262.07	160932	4642285056
2022/9/22	258.07	261.47	255.27	259.07	175375	4949062144
2022/9/23	254.67	257.47	251.07	251.07	196747	5458007552
2022/9/26	249.27	263.67	249.27	259.27	246467	6971035648
2022/9/27	258.47	259.27	251.27	256.87	227292	6349927424
2022/9/28	255.87	255.87	249.47	250.07	221596	6121751040
2022/9/29	254.27	259.87	244.27	246.67	201592	5539715072
2022/9/30	242.87	252.47	239.67	242.47	224584	6014748672
2022/10/3	240.07	242.87	235.47	239.87	139873	3677985280
2022/10/5	250.87	256.07	247.27	255.07	181415	5020412416
2022/10/6	255.07	258.67	251.07	253.87	103741	2884643328
2022/10/7	249.87	250.47	246.07	246.67	99810	2714042368
2022/10/10	242.07	244.47	238.87	239.87	156797	4158717184
2022/10/11	237.67	238.47	230.27	230.67	213240	5471081472
2022/10/12	227.07	240.07	224.07	229.67	320251	8086479872
2022/10/13	230.47	231.07	222.27	222.27	221590	5543702016
2022/10/14	226.07	234.87	224.47	225.27	314571	7963716608
2022/10/17	221.27	226.87	216.87	223.27	263191	6445322752
2022/10/18	228.07	232.67	225.47	230.47	221296	5605507072
2022/10/19	227.67	228.67	219.67	220.07	209574	5182927872
2022/10/20	213.07	215.27	207.07	208.47	494109	11558522880
2022/10/21	208.07	212.47	206.27	208.87	265459	6207433728
2022/10/24	200.07	202.07	181.27	182.27	850679	18235594752
2022/10/25	178.07	191.67	174.67	182.47	730169	15057096704
2022/10/26	180.87	194.47	178.27	187.67	503492	10691691520
2022/10/27	197.27	198.07	187.87	189.27	427171	9287008256
2022/10/28	186.07	187.47	176.07	176.87	408321	8295820288
2022/10/31	177.87	192.67	175.07	181.67	495125	10317200384
2022/11/1	183.87	207.87	183.87	203.47	778423	17278380032
2022/11/2	201.67	208.07	196.07	206.67	351451	7972954624
2022/11/3	202.07	206.27	196.27	197.47	306349	6874779136
2022/11/4	200.47	223.47	200.47	214.67	671564	16041579520
2022/11/7	209.87	225.67	207.67	221.47	439802	10732444672
2022/11/8	219.47	228.07	218.87	221.87	235413	5800513024
2022/11/9	220.07	224.47	209.87	212.87	316587	7550803968
2022/11/10	205.07	210.47	205.07	207.47	232578	5377821184
2022/11/11	229.07	236.87	221.47	234.47	530132	13379987456
2022/11/14	245.27	252.67	233.27	236.67	483966	12793448448
2022/11/15	238.07	264.27	234.27	264.07	631025	17667319808
2022/11/16	261.67	272.87	256.07	270.47	617851	17874982912
2022/11/17	274.67	275.47	257.27	268.07	698206	20347072512
2022/11/18	276.07	278.87	262.47	263.87	447592	13194750976
2022/11/21	258.27	262.67	250.67	259.27	313089	8835178496
2022/11/22	256.27	262.47	250.67	253.47	284614	7935213056
2022/11/23	253.87	260.87	253.47	258.07	233805	6584600064
2022/11/24	262.47	265.47	255.07	256.47	171745	4856964096
2022/11/25	253.07	253.87	244.47	249.07	313176	8521459200
2022/11/28	235.07	247.47	235.07	246.07	334987	8932255744
2022/11/29	252.47	262.07	249.87	261.87	331408	9288043520
2022/11/30	259.67	268.67	256.07	263.27	466337	13336876032
2022/12/1	274.07	279.87	268.67	270.47	455501	13516782592
2022/12/2	272.07	275.67	267.67	272.07	250872	7412911616
2022/12/5	286.07	293.07	278.47	290.07	598271	18632822784
2022/12/6	283.87	289.87	283.27	287.87	290591	9015662592
2022/12/7	285.87	294.67	275.07	276.27	411076	12734708736
2022/12/8	280.27	294.07	280.27	293.47	340924	10688852992
2022/12/9	294.87	302.67	290.47	301.67	404002	13010691072
2022/12/12	294.47	300.87	291.47	293.67	205100	6532116480
2022/12/13	292.07	301.07	291.67	294.47	203133	6497226752
2022/12/14	298.27	303.87	294.47	301.07	242385	7865015808
2022/12/15	301.07	302.67	292.07	293.67	189621	6040826880
2022/12/16	290.07	297.47	287.67	292.87	251286	7968429056
2022/12/19	296.47	304.87	292.87	296.47	248972	8007002624
2022/12/20	294.87	294.87	282.47	285.47	290564	9031816192
2022/12/21	287.07	289.27	284.07	287.07	153239	4762831360
2022/12/22	295.07	301.87	292.47	299.87	242517	7812816384
2022/12/23	294.07	302.07	293.27	296.27	155027	4990075392
2022/12/28	301.07	305.67	297.87	302.27	241884	7890186752
2022/12/29	299.07	312.07	299.07	311.27	300875	9991287808
2022/12/30	315.07	319.87	307.47	310.07	272113	9169264640
2023/1/3	310.07	321.87	304.87	321.27	299575	10134792192
2023/1/4	326.07	337.07	325.07	337.07	374299	13322864640
2023/1/5	352.2	356.4	337.8	342	408039	14350264320
2023/1/6	347.8	353.6	341	343.6	270925	9537398784
2023/1/9	349.2	356.6	345.8	356.2	283237	10162059264
2023/1/10	359.2	360	351.2	356.6	198541	7160873472
2023/1/11	364	373	360.8	368	357222	13341772800
2023/1/12	373.2	373.8	350.6	358.2	405475	14789005312
2023/1/13	358.8	366.6	350.4	365.6	209707	7669192192
2023/1/16	366.4	370.6	358.2	364.4	199862	7414939648
2023/1/17	364.8	369.8	360.2	368	161038	5963511808
2023/1/18	374.2	375.2	365.2	374.2	271227	10250086400
2023/1/19	371.2	379.2	368.8	377	173517	6617317888
2023/1/20	384.2	386.4	379.2	386	168637	6573675008
2023/1/26	394.2	401	392.6	401	237291	9555142656
2023/1/27	404.4	410.8	403.2	409.2	186252	7685459968
2023/1/30	401.8	405.2	378.2	381.4	536267	21117886464
2023/1/31	384.2	391.2	368	376.4	557562	21309341696
2023/2/1	379.8	381.2	367.8	379.2	314189	11975418880
2023/2/2	383.2	386.2	375.4	377.2	237554	9212436480
2023/2/3	375.8	380.8	369.6	379.2	259420	9885038592
2023/2/6	369.4	374.2	362.8	371	255911	9592557568
2023/2/7	375.2	380.2	371.6	374.2	198017	7560574976
2023/2/8	378	381	372	376.4	172695	6601541632
2023/2/9	375.4	391.2	374.2	389.8	266607	10411377664
2023/2/10	389.2	391.4	376.8	377.6	246061	9553892352
2023/2/13	373.4	382.8	370.8	380.8	203557	7782878720
2023/2/14	381.2	381.8	372.2	372.8	179325	6831837696
2023/2/15	376.4	376.4	366.6	371.2	164985	6203888128
2023/2/16	375	387	373.2	376.8	219143	8467285504
2023/2/17	379.4	381.6	367.2	368	177216	6704216064
2023/2/20	365.8	373	363.4	371.2	123127	4611823616
2023/2/21	369.4	369.6	352.4	356	293132	10690718720
2023/2/22	349.8	357.2	341.8	350.2	331516	11783068672
2023/2/23	345	357.6	342.6	350.2	194331	6926891520
2023/2/24	345.2	349.4	341.6	343.6	244159	8549028352
2023/2/27	339.2	348.6	337	343.6	204800	7154269184
2023/2/28	346.4	351.8	337.8	337.8	260062	9075437568
2023/3/1	341.6	365	340.2	363	356073	12867704832
2023/3/2	362.4	363.2	356.6	357	147966	5402223104
2023/3/3	366.4	369	358.6	361.8	177845	6570475008
2023/3/6	358.2	362.8	354.8	357.2	126281	4598925824
2023/3/7	357	363	349.2	351.2	170380	6137584128
2023/3/8	344.2	345.8	339.2	343.8	212083	7385431552
2023/3/9	342.2	343.4	334.4	334.4	172749	5954165248
2023/3/10	327.2	332.4	324.8	325.8	375964	12533775360
2023/3/13	334.6	345.8	331.6	339	271276	9329027072
2023/3/14	335.6	346.8	333.2	335.8	213247	7365989888
2023/3/15	344.6	348	338.4	338.8	165706	5773864960
2023/3/16	334.6	339.2	328	330.2	237288	8035602432
2023/3/17	335	340.8	333.6	333.6	290332	9926040576
2023/3/20	331.2	333.6	325.2	329	204371	6833299968
2023/3/21	329	341.2	324.6	337.8	212764	7210707456
2023/3/22	341.2	347.8	340.4	341.4	196548	6873877504
2023/3/23	347.8	370	346.6	369.8	468502	17188997120
2023/3/24	374.2	381.6	369	371	332155	12590328832
2023/3/27	368.8	372.2	356.8	357	257987	9482609664
2023/3/28	361	375.2	361	372.4	313377	11776618496
2023/3/29	391.2	391.8	376.2	379	360953	14010525696
2023/3/30	384	384	374.4	379.2	252432	9710991360
2023/3/31	384.2	388.2	378.2	380	259575	10092564480
2023/4/3	383.2	385.2	379.2	382.4	187735	7283136512
2023/4/4	377.4	382.8	376.4	379.2	142543	5484701696
2023/4/6	378.2	381.8	374.8	379.6	149457	5735689216
2023/4/11	383.2	384.2	365.6	370.8	219311	8304864768
2023/4/12	365.2	365.8	348.4	351.4	404706	14607066112
2023/4/13	344.2	358.2	341.6	357.4	249565	8897620992
2023/4/14	360.6	362.4	353.2	359.6	127447	4633061376
2023/4/17	358.8	366.2	354.6	365.2	157102	5769986048
2023/4/18	365.2	365.2	355.2	359.6	136864	4986471936
2023/4/19	357.2	357.2	349.2	351.4	162794	5827612672
2023/4/20	351.4	355.8	349.8	351.2	105309	3765348864
2023/4/21	347.4	349.8	340.2	343.4	165236	5780344832
2023/4/24	341.4	345	332.2	339.2	204706	7023120896
2023/4/25	335.8	335.8	327.2	332.6	209500	7056477184
2023/4/26	330	346.4	329.6	342.4	250183	8637974528
2023/4/27	341.2	342.2	334.4	339.2	147578	5078333952
2023/4/28	342.2	349	338	338.6	153941	5356892160
2023/5/2	346.2	348.6	336.4	340	86488	3003103232
2023/5/3	333.8	337.2	330.4	333.6	105515	3573459456
2023/5/4	334.8	337.8	327.2	332	175792	5936738304
2023/5/5	337.6	341.2	332.4	337	148149	5079656448
2023/5/8	338.2	341.8	331.8	335	107159	3652510464
2023/5/9	332.4	333.4	322.4	322.6	235414	7831370752
2023/5/10	321.2	325.6	319.6	323.8	155729	5117819392
2023/5/11	326.8	327.8	317.4	320.6	175717	5746565632
2023/5/12	326	328.6	321.2	322.4	179912	5943372800
2023/5/15	319.2	338.6	319.2	335.2	237405	8025510912
2023/5/16	342.2	342.2	337	339	141212	4865134592
2023/5/17	340.2	344	335.4	337	195627	6766317568
2023/5/18	335.4	337.2	323.6	334	344120	11559354368
2023/5/19	329.6	332.4	325.6	329.8	226859	7538059264
2023/5/22	328.4	341	324.8	336.8	200421	6765009408
2023/5/23	341.8	342.2	330.6	332.2	150196	5098105856
2023/5/24	327.8	333.4	327.2	329	135480	4515575296
2023/5/25	326.4	327.2	315	319	260284	8426579456
2023/5/29	323.8	323.8	307.8	309.8	288388	9139978240
2023/5/30	308.4	314.8	304.2	312.8	217366	6812911616
2023/5/31	311.2	311.2	302.6	307.2	321319	9981998080
2023/6/1	309.2	320	307.8	312	229517	7292374528
2023/6/2	324.2	330.8	320	330.8	320554	10589660160
2023/6/5	332.6	335.4	326.6	334.8	198909	6676337152
2023/6/6	334.6	335.8	325.6	327.8	167002	5572482560
2023/6/7	336.6	336.6	331.2	332.2	182549	6159603200
2023/6/8	329.4	331.8	324.8	331.4	131337	4361435136
2023/6/9	333	336.6	330.4	332.6	161842	5451645440
2023/6/12	336.6	336.6	330.8	335	134888	4557765632
2023/6/13	336.2	345	334.6	341.4	231198	7957106688
2023/6/14	343.2	350	340.6	342.2	220820	7691036672
2023/6/15	349.6	351.6	344.6	351.6	250084	8813279232
2023/6/16	355.6	361	352.4	359.6	358539	12946982912
2023/6/19	356.2	356.6	347	353.8	202739	7189369856
2023/6/20	350.6	355.8	343.8	346.6	162839	5713762304
2023/6/21	338.2	342.6	333.6	337	193044	6568809472
2023/6/23	336.6	337.4	329.6	333.6	138987	4679575040
2023/6/26	332.2	336	326.8	329.4	181572	6064114688
2023/6/27	329.4	341	329.4	338	174906	5959540224
2023/6/28	336.6	337.6	330.4	332.8	158878	5353376256
2023/6/29	335.6	335.6	327.8	330.2	135174	4513065472
2023/6/30	327.6	330.4	326	328.2	161970	5367017984
2023/7/3	328.4	336.6	328.4	334.6	141985	4784258560
2023/7/4	333	337.8	332.8	335.8	94396	3197624320
2023/7/5	336.4	337.6	329.8	332	98619	3314699776
2023/7/6	328.8	333.6	322	323.4	197818	6504990208
2023/7/7	319.8	328.2	316.6	323.2	215954	7015522816
2023/7/10	330.4	332.4	324	325.4	172879	5712851456
2023/7/11	329.2	332.2	326.8	330.4	123613	4120722176
2023/7/12	335.2	337.6	332.4	336.6	168473	5716051968
2023/7/13	346.6	347.2	343.6	346.4	273155	9530813440
2023/7/14	351.4	351.4	345.4	349.2	212135	7461794816
2023/7/18	348.4	348.4	331.6	333	291480	9911757824
2023/7/19	327.2	330.4	323.6	329.6	219133	7240460800
2023/7/20	332.6	338.4	327.2	329.4	165645	5556791808
2023/7/21	329.4	334	327.6	329.6	118439	3952114176
2023/7/24	325.2	327.6	320.4	321.6	174516	5702817280
2023/7/25	333.6	342.2	331.6	341.6	292037	9931910144
2023/7/26	341.4	341.4	334.8	337.6	149418	5092535808
2023/7/27	342.6	343	337	340.4	136515	4698584576
2023/7/28	340.4	348.6	335.2	347	222443	7739028480
2023/7/31	356.6	359.6	347.4	351	367966	13119805440
2023/8/1	352.6	357.6	343.8	350.6	234362	8303605760
2023/8/2	348.2	349	336.8	340	210383	7251317248
2023/8/3	338.6	344.4	335.6	338.8	166614	5745551360
2023/8/4	345.2	347.2	335.8	340	190995	6574571520
2023/8/7	336.8	338.4	334.6	337.8	94801	3221321728
2023/8/8	331	333.8	330	331.4	153817	5149851648
2023/8/9	329.6	334.8	328.6	333.8	119177	3989808640
2023/8/10	333.8	338.2	332.2	336.4	111859	3786436352
2023/8/11	335.4	338.2	331.2	332.4	123039	4141506304
2023/8/14	324.6	331	324.4	329.8	157545	5226440192
2023/8/15	327.8	331.6	327.2	329.2	107874	3587997440
2023/8/16	326.4	327.6	324.2	325.4	164848	5424344064
2023/8/17	317.2	332.4	317.2	329.4	288180	9486311424
2023/8/18	326	329.4	321.6	321.6	181088	5944609280
2023/8/21	317.6	322.4	314.6	314.6	256969	8249693696
2023/8/22	314.8	321.2	311	315.6	246800	7873317888
2023/8/23	316.6	318	313.6	314.6	172448	5498780672
2023/8/24	317.6	324.6	317.6	321.8	223408	7249199616
2023/8/25	319.2	320.4	316.6	316.6	125425	4032148480
2023/8/28	327.2	330.2	321.4	321.8	194028	6356410368
2023/8/29	322	328.6	322	326	153825	5067422720
2023/8/30	330.4	330.6	321.6	322.4	151900	4992668160
2023/8/31	327.6	328.4	318.6	321.6	497372	16198347776
2023/9/4	326.6	331.2	325	330	307489	10160809984
2023/9/5	328.6	331.6	324	325.6	132508	4370874368
2023/9/6	325.6	325.6	319.8	324.2	164886	5381304320
2023/9/7	323.2	323.8	316.8	318.2	167242	5391224320
2023/9/11	312	322	312	320.6	188081	6040945152
2023/9/12	324.6	324.6	316.4	318.6	103993	3355116288
2023/9/13	322.6	322.6	315.6	316.8	106627	3421558528
2023/9/14	319	319.2	315	316.4	101531	3249440768
2023/9/15	316.6	318.4	313.6	313.8	192182	6120466432
2023/9/18	313.8	315.6	308.8	308.8	147366	4644323328
2023/9/19	309.4	311.4	305.4	309	155800	4858994176
2023/9/20	309.2	309.2	304.6	305.8	136637	4232881664
2023/9/21	303.4	305	298.6	299.6	191164	5800506880
2023/9/22	298.6	310.6	296.8	310.2	212369	6532964352
2023/9/25	308	308.2	299.8	301	183070	5598702592
2023/9/26	297.6	300.2	294.8	296.6	159246	4792868864
2023/9/27	294.6	300.8	294.6	298.6	142035	4279249920
2023/9/28	298.4	299.2	293	294	156040	4656644096
2023/9/29	294.2	305	293.8	302.8	112526	3427495424
2023/10/3	298.6	298.6	293	297.2	151227	4529560064
2023/10/4	296.4	296.6	292	294.2	109422	3255192576
2023/10/5	296.4	300.2	295.2	296.4	108019	3248496384
2023/10/6	300.4	304	298.4	301.8	110769	3377586688
2023/10/9	302	305.4	298.6	303.6	113963	3494379520
2023/10/10	304.6	311.4	302.6	304.8	164453	5092538368
2023/10/11	310.6	311.2	307	307.6	164245	5127315968
2023/10/12	313.2	313.8	311.4	313.2	134515	4253651200
2023/10/13	309.4	309.6	302	303.4	133674	4126234880
2023/10/16	305.4	305.4	296.8	297.8	124528	3763941632
2023/10/17	301.2	301.2	296.6	298.8	92025	2778330624
2023/10/18	296.8	298.2	294	296.6	120010	3597466112
2023/10/19	292	294.2	287.8	287.8	172164	5071176192
2023/10/20	284	286.8	282.8	285.6	192122	5532516864
2023/10/24	283.6	286.4	279.2	279.6	216200	6162879488
2023/10/25	289	293	281.8	284.4	175062	5096837120
2023/10/26	283.4	286.8	279.6	284.2	114467	3278487040
2023/10/27	284.2	291.2	283.6	289.4	164550	4795573760
2023/10/30	288.2	294.4	287.4	292	143578	4228012032
2023/10/31	292	292	284.6	285.8	137274	3984600576
2023/11/1	285.4	286.6	281	283.6	110060	3157915392
2023/11/2	286.6	290.8	283.4	285.2	104774	3037345280
2023/11/3	288.8	300.8	288	299.2	215752	6455647744
2023/11/6	306.4	310.8	303.8	309.2	268634	8358214656
2023/11/7	309.2	310.6	302.8	305.2	133977	4143070976
2023/11/8	306	311.2	304	305	128798	4001595392
2023/11/9	301.6	305.4	301.6	303.4	102722	3148082176
2023/11/10	301.2	301.2	297.8	299.4	98718	2987541248
2023/11/13	298.8	308.4	296.8	306.4	135860	4154170112
2023/11/14	308.4	308.6	302.2	304.4	124774	3842261504
2023/11/15	313.2	320.2	310.6	319.2	324547	10350836736
2023/11/16	326.6	326.6	312.8	321.4	352960	11408056320
2023/11/17	320.2	320.2	309.8	311.8	219702	6964405760
2023/11/20	312.8	325.4	312.8	323.2	277827	9006003200
2023/11/21	327	329.2	320.2	321.4	241887	7943867392
2023/11/22	324.6	326.6	318.6	321	141698	4616781824
2023/11/23	323.2	326.2	320.2	325.8	145312	4757635584
2023/11/24	326.2	326.2	316.6	317.8	152365	4930730496
2023/11/27	321.6	321.6	314.6	319.4	122321	3932052992
2023/11/28	321	321	313.6	316.2	151537	4845979136
2023/11/29	319.6	320.6	310.2	313.6	168567	5350806016
2023/11/30	314	323.6	313.6	323.6	303081	9825335296
2023/12/1	321.4	322.4	315.6	315.6	151497	4879489536
2023/12/4	319.6	320.8	311.8	313.4	149072	4757921792
2023/12/5	317.6	317.6	301.6	305.4	237300	7365273088
2023/12/6	303.2	311.4	299	308.2	158962	4923099648
2023/12/7	305.6	307.8	300.6	304.4	137037	4202919936
2023/12/8	304	305.8	297.6	302.2	166006	5058680832
2023/12/11	297.4	305.2	295	303.8	184022	5572601856
2023/12/12	303.6	308.4	302.8	308	129959	4023373056
2023/12/13	306.2	307.4	301	303.6	141451	4349541888
2023/12/14	306.6	310.6	301.2	303	171988	5291010048
2023/12/15	307.6	316	305.6	311	309179	9741462528
2023/12/18	306.2	309.2	306.2	308.2	120950	3761863936
2023/12/19	307.6	311	303.2	308.4	125303	3892814336
2023/12/20	312.8	314.8	308.8	310.8	141874	4471236608
2023/12/21	305.8	310.2	305.6	309.2	101670	3167141376
2023/12/22	313.6	313.6	260.2	270.6	1470149	40572370944
2023/12/27	278.8	287.6	278.8	281.6	644710	18422333440
2023/12/28	281.6	292.2	281.4	289.6	378407	10982108160
2023/12/29	291.6	292.4	286.2	290.2	196247	5748958208
2024/1/2	296.6	301.6	291	293.2	233541	6962384384
2024/1/3	290.6	298.2	289	297.2	203917	6085147648
2024/1/4	301	301	294.6	295.4	202174	6060645376
2024/1/5	292	293.2	286.2	288.8	237450	6955882496
2024/1/8	291	291.2	281.8	284.6	167185	4808946176
2024/1/9	282.6	285.8	280	280.2	169275	4836417536
2024/1/10	278.6	281.8	273.4	276.8	191461	5366551040
2024/1/11	277.2	289	276.6	284	206046	5923779072
2024/1/12	282.2	289.6	281.4	285	157701	4564846592
2024/1/15	286.6	290.4	284.2	286	163344	4735733248
2024/1/16	280.4	285.4	276.6	279	222361	6296368128
2024/1/17	273.6	275.4	268.8	271.2	361142	9920053248
2024/1/18	271.2	275.8	267.8	274.2	246041	6776283136
2024/1/19	271.6	279.2	264.8	267.8	268975	7357693440
2024/1/22	267.2	268.2	256.8	258.8	336548	8880717824
2024/1/23	263.4	274.8	259.8	268.6	356108	9683595264
2024/1/24	276.2	281	268.8	278.4	338636	9417935872
2024/1/25	281.6	288.6	277.4	287.4	341608	9841463296
2024/1/26	284.8	286.8	277.8	279.4	248158	7079876096
2024/1/29	282.6	285	276	278.6	201590	5699931136
2024/1/30	273.8	276.6	269.6	270.4	215060	5913403904
2024/1/31	270.4	274.6	265	267.2	200530	5438242304
2024/2/1	266.6	274.4	264.6	268.2	173295	4720878080
2024/2/2	281.2	284.2	271.6	276	310538	8741240832
2024/2/5	275	280	270.4	276.2	204566	5693720064
2024/2/6	276.4	289.2	276.2	287.4	288569	8307954688
2024/2/7	291.6	293.6	285.4	288.8	263437	7718411776
2024/2/8	286.6	289.8	283	283.8	179107	5168657920
2024/2/9	281.2	284	278	283.8	67321	1913725696
2024/2/14	283.6	287.8	278.6	286.6	115674	3330238464
2024/2/15	285.2	286.6	281.6	282	125680	3601580288
2024/2/16	282.2	288.4	277	288.4	172154	4948591616
2024/2/19	288	288	280.4	281.4	154153	4415094784
2024/2/20	283.6	284.4	277	280.8	157730	4459365376
2024/2/21	277.4	291.2	277.4	285.4	239472	6932699136
2024/2/22	284.8	288	283.4	288	124413	3603266048
2024/2/23	286.6	293	283.6	287.4	132298	3842413824
2024/2/26	284	286.8	282	283.8	124124	3559024128
2024/2/27	282.8	282.8	274.8	281.2	236126	6662498816
2024/2/28	281.6	282.4	273	273.6	259035	7245008896
2024/2/29	271.8	275.6	271.2	273.8	297219	8231584768
2024/3/1	269.6	275.6	268.4	274	279527	7713358336
2024/3/4	274	276.6	271.4	272.8	138321	3823469312
2024/3/5	266.8	269.8	262.8	264.8	260551	7021429248
2024/3/6	262.6	273.6	262.4	271.2	232893	6357883904
2024/3/7	271.4	272.2	265.8	267.6	171597	4665844736
2024/3/8	268.6	272.2	266.6	266.6	124162	3380545536
2024/3/11	267.8	275.2	267.8	275.2	178669	4936584704
2024/3/12	278.6	289.2	276.8	287.4	365311	10506831872
2024/3/13	288	290.6	285.2	287.2	200744	5850784768
2024/3/14	286	290.6	283.4	285.8	142274	4114240768
2024/3/15	279.6	282.8	276.2	280.4	291830	8265577984
2024/3/18	278.8	288	278.8	286.4	196333	5654374912
2024/3/19	285.6	287.8	281.6	281.6	156354	4493812224
2024/3/20	282	286.8	279.6	285.4	156222	4499879424
2024/3/21	291.8	294.8	286.2	287.8	368687	10838694912
2024/3/22	284	287	279	285.4	264322	7578584064
2024/3/25	285.4	287.2	281.6	285.2	211272	6091145216
2024/3/26	282.6	297.2	282.6	296	339986	10047178752
2024/3/27	292.6	304.2	292.4	298.6	387531	11767791616
2024/3/28	298.6	306.2	298	300.4	300008	9153818624
2024/4/2	305.6	309	304.4	305.8	265616	8219109888
2024/4/3	308.6	308.6	303	305	196969	6080044544
2024/4/5	306.2	308.2	301	306.6	135824	4191612928
2024/4/8	301.8	307.6	301	302	216565	6642554368
2024/4/9	304	305.4	299.6	301.6	178794	5461280768
2024/4/10	303	311.8	303	310.8	247301	7718210048
2024/4/11	306.4	313.2	305.6	311.6	188350	5912379904
2024/4/12	310.6	314.6	306	306.2	230313	7201401344
2024/4/15	301.2	305.4	300.4	301	182953	5593339392
2024/4/16	297.8	305	296.6	298.4	196916	5979714048
2024/4/17	298.4	300.6	294.4	297.4	144105	4332377088
2024/4/18	298.8	305.4	295.2	301	190589	5817113088
2024/4/19	300	302	296.2	300.4	194726	5891458048
2024/4/22	304.6	319.2	303.4	317	411333	13065634816
2024/4/23	322.6	330.2	321.8	329	438217	14443016192
2024/4/24	334.4	341.6	332	340.8	414727	14131709952
2024/4/25	336.8	343	333	336	277276	9447180288
2024/4/26	336.6	348.4	336.6	345	295995	10298056704
2024/4/29	345	351.4	341.8	344.2	254165	8909314048
2024/4/30	346.2	347.4	340.6	343.8	159570	5549476864
2024/5/2	345.6	357.8	342	357	224796	8048229888
2024/5/3	367.6	369.2	357.2	361	235923	8612647936
2024/5/6	361.2	369.6	359.6	366.8	262083	9662185472
2024/5/7	364	367.8	360	362.4	194081	7119649792
2024/5/8	363	368.4	356.4	358	200581	7307654656
2024/5/9	357.6	366.6	357	366.4	160260	5882164736
2024/5/10	370.4	370.8	361.6	367.6	156930	5809252352
2024/5/13	365.2	376.6	364.6	374.8	205581	7727774720
2024/5/14	377.6	381.4	375.2	378.4	216031	8251923968
2024/5/16	396.6	397.6	391.2	393.6	584308	23268552704
2024/5/17	397	400.2	394.2	395	279164	11081611264
2024/5/20	397	399.8	392.8	395	223320	8829406208
2024/5/21	393.4	393.4	379.6	383.6	306798	11791772672
2024/5/22	379.2	386.8	376.6	384.4	223748	8564093952
2024/5/23	380.6	384	376.4	381.8	183240	6982436352
2024/5/24	378.2	382.6	374.8	377	191433	7222648320
2024/5/27	372	377.6	362.4	377.4	321321	11927774208
2024/5/28	377.2	386	373.4	380.2	166148	6330014208
2024/5/29	377.4	379.8	369.6	371	273782	10232748032
2024/5/30	370	374.2	365.8	368	220065	8119057920
2024/5/31	371.2	379	359.8	359.8	400359	14674998272
2024/6/3	366.8	379	366.6	375	281254	10465479680
2024/6/4	375	379.6	373.8	377.4	180431	6808408576
2024/6/5	377.6	387.8	377.6	380.8	202054	7734931968
2024/6/6	387.4	391	379	381.6	188889	7252563456
2024/6/7	383	384.6	372.8	374.8	252473	9484569600
2024/6/11	367.4	377.8	367.4	373.8	264968	9897549824
2024/6/12	373.8	377.8	369.6	370.8	149601	5568239616
2024/6/13	376.4	380.6	373.6	379.8	153370	5782500352
2024/6/14	383.6	383.6	378.6	379.8	208593	7947024896
2024/6/17	376.2	385.8	374.8	381.2	152811	5828851712
2024/6/18	381.4	383.8	377	377	142789	5421694976
2024/6/19	380.4	391	378.4	389	223135	8621511680
2024/6/20	392	392	385.6	387.6	140490	5458760192
2024/6/21	383.8	385.2	378	381.4	258550	9865327616
2024/6/24	377.6	381	374	380.4	129196	4877043200
2024/6/25	381.8	385	378.6	382	127895	4886651392
2024/6/26	379.2	383	377	382	118869	4523976704
2024/6/27	379.6	380	372.2	374.4	175138	6579330560
2024/6/28	371.6	376	370.8	372.4	155611	5808359936
2024/7/2	367	376.2	365.2	369.2	272666	10065078272
2024/7/3	366.8	380.8	366.8	379.4	222570	8344723968
2024/7/4	386.8	386.8	378.6	382.4	154371	5903308288
2024/7/5	384.8	385.6	378.8	379.8	105221	4013583616
2024/7/8	381.8	383.2	375.6	378.6	116232	4404429824
2024/7/9	377	382.2	376	381	130244	4937582080
2024/7/10	385.2	385.8	376.8	377.6	155866	5939592704
2024/7/11	379.4	386	378.2	384.8	165901	6361566208
2024/7/12	390.8	397.2	389.2	397	275214	10843285504
2024/7/15	393.2	397	388.6	390.2	136802	5356488192
2024/7/16	386	387.4	377.8	378	190611	7266853888
2024/7/17	375	377.4	368.4	371.8	258578	9626460160
2024/7/18	368	371.6	367	369.2	189447	7004246528
2024/7/19	366.6	368.4	363	364	230885	8436931584
2024/7/22	367.2	375.8	365.4	373.2	169609	6308845056
2024/7/23	375	376.4	366	366.2	121045	4468644352
2024/7/24	365.8	369.6	360.6	363.2	118002	4296613376
2024/7/25	360.2	361.6	351	351.2	257873	9109435392
2024/7/26	352.8	358.4	352.4	354.4	132673	4713927168
2024/7/29	359.8	362	353.8	358.2	128722	4621511680
2024/7/30	355.4	357.6	352.4	353.6	97496	3449680128
2024/7/31	352.2	366.8	351	362.2	203043	7342932992
2024/8/1	363.8	368.6	363.6	365.6	124123	4542267392
2024/8/2	360.8	365.4	356.2	358.2	177076	6362989568
2024/8/5	352	364.2	349	356.6	229635	8149878272
2024/8/6	360.6	363.4	349.4	354.4	176744	6271400448
2024/8/7	355.2	365.4	355.2	363.4	158403	5741645312
2024/8/8	361.2	374.4	359.4	368.2	188115	6937668096
2024/8/9	371.4	376	368.4	370	163539	6076519424
2024/8/12	372	376.6	370	375	102153	3820531968
2024/8/13	376	380.6	375.6	378.6	135904	5139849728
2024/8/14	378.6	379.4	369.4	373.8	186927	6972998656
2024/8/15	366.2	374.8	364.2	368.4	214438	7911689216
2024/8/16	372	375.2	368.8	372.6	164143	6118049792
2024/8/19	377.6	377.6	371.2	372.6	152102	5682955776
2024/8/20	372.8	373.8	369	370.4	118526	4396264960
2024/8/21	367.4	373.8	365.2	371.6	116471	4321314304
2024/8/22	374.8	377.8	371.2	377.8	167869	6292362752
2024/8/23	377	378.6	373.6	375.6	130556	4915768320
2024/8/26	378	384.8	377.6	382	162511	6187193344
2024/8/27	378	382.6	377.2	381.8	136755	5201725952
2024/8/28	383	383	372.4	374.2	146025	5488468992
2024/8/29	370	378	369	377.6	128904	4823697920
2024/8/30	377.6	385.6	376.8	382	308733	11814703104
2024/9/2	380	383.2	376.4	377.8	138787	5266962944
2024/9/3	378	381.4	374.8	378.2	98149	3712929024
2024/9/4	374.2	376.6	371.2	372.8	132789	4953267712
2024/9/5	370.4	376.6	370.4	373.4	95763	3573609728
2024/9/9	370	371.2	365.2	371.2	200782	7403940864
2024/9/10	369.2	370.6	366	368.6	123034	4541788160
2024/9/11	366.6	370.6	365	370.2	120436	4427792896
2024/9/12	371	377	369.6	372.6	138004	5155819520
2024/9/13	372.8	376.8	372.8	374.8	110138	4126159616
2024/9/16	372.6	377.8	370.4	377.8	76892	2888661760
2024/9/17	372	381.4	372	380	101479	3843832320
2024/9/19	379.6	389.8	376.6	388.8	258020	9956352000
2024/9/20	390	393.4	383.8	388.6	284071	11037803520
2024/9/23	388	392	385.2	387.6	152230	5901922304
2024/9/24	393	402.2	389.4	402.2	429190	17036650496
2024/9/25	418	418	401.4	405.4	401121	16419449856
2024/9/26	408	430	406.8	430	502549	21170862080
2024/9/27	443.2	444.8	432.6	437.8	571548	25050355712
2024/9/30	449.6	457.4	434.2	444.6	754595	33640910848
2024/10/2	450	479.6	449.2	470	487669	22740695040
2024/10/3	471	476.6	453.2	466.2	316008	14666391552
2024/10/4	470	479	462.2	477.6	246637	11687744512
2024/10/7	479.8	482.4	469.6	478.4	253344	12100494336
2024/10/8	472	476.8	438.6	438.6	704680	31910930432
2024/10/9	449	453	424	434.2	463729	20395255808
2024/10/10	438	448.6	436.4	438.8	331112	14647697408
2024/10/14	440.8	440.8	424	436	303168	13164336128
2024/10/15	433.8	433.8	412.6	417	334784	14096595968
2024/10/16	415	425.8	412.6	415.8	224903	9408092160
2024/10/17	418	426.8	410	412.6	164769	6891360768
2024/10/18	412.6	435.6	411.4	430.8	259639	11032074240
2024/10/21	430.6	431.4	419.2	421	163341	6931274752
2024/10/22	423.2	423.6	418	421.6	110277	4640118272
2024/10/23	423	432.2	416.6	428.2	146570	6257381376
2024/10/24	425	425.6	419.6	422	112028	4728257024
2024/10/25	427.6	427.6	418.6	421	119519	5042478592
2024/10/28	421	422.2	413.6	417.2	155519	6490536448
2024/10/29	419.4	423.4	415.2	418.4	137978	5779088384
2024/10/30	413.6	418	410.6	411	178955	7390929408
2024/10/31	410.4	418.8	404.6	404.6	227537	9311202304
2024/11/1	406	422.4	406	419.2	210866	8772958208
2024/11/4	423	423.8	416	419	117061	4907801088
2024/11/5	415.2	427.8	415.2	427.8	152709	6467649536
2024/11/6	425	426.2	413.2	419.8	207552	8721758208
2024/11/7	417	429.6	414.4	428.4	199240	8451855360
2024/11/8	435	436	419.4	420.8	193898	8248755200
2024/11/11	412	415.6	409.4	413.2	228576	9415370752
2024/11/12	409.4	413.8	403	403.8	273033	11097703424
2024/11/13	397.2	407.2	396	403.8	283072	11330713600
2024/11/14	401.6	415	397.8	403.4	348989	14209880064
2024/11/15	404	407	399	401	290613	11694319616
2024/11/18	405.2	413.4	401.6	404.2	204935	8334918656
2024/11/19	406.6	409	403.4	406.2	138793	5642161152
2024/11/20	408.2	413.8	406.2	410.8	150051	6154782208
2024/11/21	409.4	411.4	407	407.6	125017	5113866752
2024/11/22	408.8	412.4	399.6	400.6	169495	6864777728
2024/11/25	400	402.4	393.8	395.2	278883	11050847232
2024/11/26	392.2	399.2	392.2	393.8	169406	6691212288
2024/11/27	394.6	406.2	392	402.8	166856	6663311872
2024/11/28	401.4	404.2	397.4	400	130676	5231565824
2024/11/29	395	402.8	395	398	156270	6222579200
2024/12/2	398	401.6	395.6	399.8	133344	5315344384
2024/12/3	403.2	404.4	394.4	404.4	183626	7349822976
2024/12/4	402.2	405.6	399.8	403.2	140532	5659584512
2024/12/5	403.4	406.6	400.8	405.2	133148	5387437568
2024/12/6	406.8	414.6	405	412.6	277114	11355635712
2024/12/9	406.2	421.2	406.2	418.8	224619	9280106496
2024/12/10	430	431	410.4	411.2	302828	12685586432
2024/12/11	414.8	415	407.2	409.8	130982	5375398400
2024/12/12	414	422.8	409.2	415.6	234143	9764008960
2024/12/13	413	415	408.6	409.8	162961	6700157952
2024/12/16	410	411.4	403.8	405.6	140598	5717888000
2024/12/17	402	408	401.8	402.6	167790	6775381504
2024/12/18	408	408.8	404	406	149061	6055023104
2024/12/19	402.2	422	401.4	415.2	346712	14310456320
2024/12/20	414.2	429.8	414.2	426.4	448340	19091460096
2024/12/23	430.6	431	416.2	420.2	208562	8789977088
2024/12/24	421	421.6	417.6	420	78738	3304033792
2024/12/27	417.6	421	415.6	417.4	135451	5658808320
2024/12/30	418	421.8	415.8	419	135156	5658833920
2024/12/31	417.2	421.4	415.8	417	108673	4549302272
2025/1/2	417	425	413.6	416	207330	8663881728
2025/1/3	418	419	410.4	414.2	168432	6981757440
2025/1/6	415	415	407.2	409.4	168693	6913962496
2025/1/7	380.6	392.8	376.6	379.6	1429205	54765125632
2025/1/8	371.2	379.8	365.6	369.2	954562	35455057920
2025/1/9	365	379.4	365	373.4	605784	22635954176
2025/1/10	373.6	379.4	369.6	369.6	370539	13862841344
2025/1/13	364.8	371.6	364.8	366	347850	12807672832
2025/1/14	365.6	379.6	365.6	375	406238	15194363904
2025/1/15	373.4	385.4	373	380	291583	11078585344
2025/1/16	384	386.6	376.6	382.4	261411	9980556288
2025/1/17	381	382.2	378.4	379.8	171383	6508061184
2025/1/20	380.2	392.8	380.2	389.8	311414	12097854464
2025/1/21	392	392.2	386.4	387.4	252497	9804257280
2025/1/22	385	388.6	381	383.4	178591	6847451648
2025/1/23	383	386	379.6	381.2	212568	8126061568
2025/1/24	383.2	392.4	382.2	390.6	240791	9365231616
2025/1/27	388	398	388	395.6	236059	9317465088
2025/1/28	401	406	399	401.2	142035	5712247808
2025/2/3	400	404.8	394.2	404.2	279178	11162153984
2025/2/4	409.2	421.2	407	420.8	312763	13026603008
2025/2/5	421.6	421.6	410	417.8	321294	13372039168
2025/2/6	416.2	420.4	413.4	420.4	195851	8177045504
2025/2/7	420.4	432.4	417.8	428.2	345675	14741791744
2025/2/10	429.6	439.8	428.8	437	314113	13701175296
2025/2/11	440	441.2	425.6	427.4	308936	13324638208
2025/2/12	429	444.6	426	444.2	382649	16740640768
2025/2/13	449	464.6	437	442	609857	27423907840
2025/2/14	449.8	474.8	446.6	474.8	745192	34511560704
2025/2/17	506	512	485	493.6	1262236	63032651776
2025/2/18	494.2	513	493.8	503.5	625295	31471022080
2025/2/19	500	500.5	493.2	497.8	341272	16979621888
2025/2/20	491.2	493	482.6	486.8	345492	16830027776
2025/2/21	505	517	499.4	517	735452	37396803584
2025/2/24	522	522	497.2	497.2	675428	34199697408
2025/2/25	477.8	491	476.4	484.8	565095	27378432000
2025/2/26	488	508	487.8	501.5	404897	20234074112
2025/2/27	503.5	512	491.6	495.4	389028	19434078208
2025/2/28	492.8	497.8	476	478.6	521608	25187448832
2025/3/3	483.6	497	479.8	483.2	327520	15971446784
2025/3/4	479	493	473.2	491	311250	15131839488
2025/3/5	502	509	498	505.5	351658	17704411136
2025/3/6	521	544	521	544	796839	42493521920
2025/3/7	539	547	529	533.5	464944	24958095360
2025/3/10	528	537.5	512	516.5	344150	17943130112
2025/3/11	501.5	520	500.5	517.5	338528	17316784128
2025/3/12	523	525	505	512	280311	14392005632
2025/3/13	513	516	499.2	507.5	273269	13847803904
2025/3/14	513	531	507.5	521.5	307117	16031720448
2025/3/17	532	534.5	522	524.5	220962	11643060224
2025/3/18	538.5	543.5	533.5	541	336398	18122094592
2025/3/19	542.5	545	534	540	316042	17070298112
2025/3/20	540.5	541	518	519.5	498450	26156574720
2025/3/21	518	526	505.5	511.5	422605	21649094656
2025/3/24	514	517.5	504.5	513	245986	12575592448
2025/3/25	513	515.5	501	502	277449	14019728384
2025/3/26	502	510.5	502	506.5	173106	8757798912
2025/3/27	509	516	502	509	175956	8980372480
2025/3/28	511.5	516.5	503.5	509.5	185943	9479836672
2025/3/31	505	507.5	494.6	497	280370	13996725248
2025/4/1	501	511.5	500	504	195180	9865122816
2025/4/2	505	509	499.2	504	142475	7168421888
2025/4/3	493	500.5	491.2	497.8	292196	14472385536
2025/4/7	441.8	462.4	431	435.4	1233641	54994759680
2025/4/8	440.8	451.2	430	440.4	651201	28693495808
2025/4/9	426	447	419	441.2	664842	28808417280
2025/4/10	460	461.6	443	444.8	578000	26103189504
2025/4/11	440	452.6	432	443.4	465946	20558651392
2025/4/14	453	459.2	448.8	454	303465	13773743104
2025/4/15	464.6	464.6	451.6	456	202454	9242295296
2025/4/16	450.6	451.6	440.2	448	273228	12171377664
2025/4/17	450.4	462	449.8	458	244798	11188898816
2025/4/22	460	462.8	453.2	460.4	240437	11018599424
2025/4/23	476	479.4	471.4	474.2	270014	12813464576
2025/4/24	477	477.8	465	471	189120	8907706368
